(note: 'ipc', 'ipa' and 'ipapc' are short for 'instances per class', 'instances per attribute' and 'instances per attribute per class' respectively.)


dataset     #Instances  #Instances(Missing value removed)              Attribute              #Classes         Statistic           Statistic(missing value removed)    
                                                          #Attribute  #Discrete  #Continuous              ipc      ipa    ipapc       ipc      ipa     ipapc
anneal          898                  898                      38          32         6           6       149.67   23.63   3.94        149.67   23.63    3.94 
artificial      5109                 5109                     7           0          7           10      510.90   729.86  72.99       510.90   729.86   72.99 
audiology       226                  4                        69          69         0           24      9.42     3.28    0.14        0.17     0.06     0.00 
auto-mpg        399                  392                      7           2          5           4       99.75    57.00   14.25       98.00    56.00    14.00 
autos           205                  159                      25          10         15          7       29.29    8.20    1.17        22.71    6.36     0.91 
balance-scale   626                  625                      4           0          4           3       208.67   156.50  52.17       208.33   156.25   52.08 
balloons        76                   76                       4           4          0           2       38.00    19.00   9.50        38.00    19.00    9.50 
breast-cancer   286                  277                      9           9          0           2       143.00   31.78   15.89       138.50   30.78    15.39 
breast-w        699                  683                      9           0          9           2       349.50   77.67   38.83       341.50   75.89    37.94 
bridges2        108                  70                       11          10         1           6       18.00    9.82    1.64        11.67    6.36     1.06 
clean1          476                  476                      166         0          166         2       238.00   2.87    1.43        238.00   2.87     1.43 
colic           368                  7                        22          15         7           2       184.00   16.73   8.36        3.50     0.32     0.16 
connect-4       (out of memory)                                                                                                       
credit-a        695                  653                      15          9          6           2       347.50   46.33   23.17       326.50   43.53    21.77 
credit-g        1000                 1000                     20          13         7           2       500.00   50.00   25.00       500.00   50.00    25.00 
diabetes        768                  768                      8           0          8           2       384.00   96.00   48.00       384.00   96.00    48.00 
echocardiogram  132                  62                       8           1          7           2       66.00    16.50   8.25        31.00    7.75     3.88 
flag            194                  194                      27          17         10          6       32.33    7.19    1.20        32.33    7.19     1.20 
glass           214                  214                      9           0          9           7       30.57    23.78   3.40        30.57    23.78    3.40 
hayes-roth      132                  132                      4           4          0           3       44.00    33.00   11.00       44.00    33.00    11.00 
heart-c         303                  296                      13          7          6           5       60.60    23.31   4.66        59.20    22.77    4.55 
heart-h         294                  1                        13          7          6           5       58.80    22.62   4.52        0.20     0.08     0.02 
heart-statlog   270                  270                      13          0          13          2       135.00   20.77   10.38       135.00   20.77    10.38 
hepatitis       155                  80                       19          13         6           2       77.50    8.16    4.08        40.00    4.21     2.11 
house-votes-84  435                  232                      16          16         0           2       217.50   27.19   13.59       116.00   14.50    7.25 
hypothyroid     3772                 0                        29          22         7           4       943.00   130.07  32.52       0.00     0.00     0.00 
ionosphere      355                  351                      34          0          34          2       177.50   10.44   5.22        175.50   10.32    5.16 
iris            153                  150                      4           0          4           3       51.00    38.25   12.75       50.00    37.50    12.50 
kr-vs-kp        3196                 3196                     36          36         0           2       1598.00  88.78   44.39       1598.00  88.78    44.39 
labor           57                   1                        16          8          8           2       28.50    3.56    1.78        0.50     0.06     0.03 
letter          20000                20000                    16          0          16          26      769.23   1250.00 48.08       769.23   1250.00  48.08 
lymph           148                  148                      18          15         3           4       37.00    8.22    2.06        37.00    8.22     2.06 
machine         209                  209                      7           0          7           8       26.13    29.86   3.73        26.13    29.86    3.73 
mushroom        8124                 5644                     22          22         0           2       4062.00  369.27  184.64      2822.00  256.55   128.27 
page-blocks     5473                 5473                     10          0          10          5       1094.60  547.30  109.46      1094.60  547.30   109.46 
primary-tumor   339                  132                      17          17         0           22      15.41    19.94   0.91        6.00     7.76     0.35 
promoters       106                  106                      57          57         0           2       53.00    1.86    0.93        53.00    1.86     0.93 
segment         2310                 2310                     19          0          19          7       330.00   121.58  17.37       330.00   121.58   17.37 
sick            3772                 0                        29          22         7           2       1886.00  130.07  65.03       0.00     0.00     0.00 
solar-flare     333                  333                      10          10         0           8       41.63    33.30   4.16        41.63    33.30    4.16 
sonar           208                  208                      60          0          60          2       104.00   3.47    1.73        104.00   3.47     1.73 
soybean         687                  562                      35          35         0           19      36.16    19.63   1.03        29.58    16.06    0.85 
splice          3190                 3190                     61          61         0           3       1063.33  52.30   17.43       1063.33  52.30    17.43 
tic-tac-toe     958                  958                      9           9          0           2       479.00   106.44  53.22       479.00   106.44   53.22 
vehicle         848                  846                      18          0          18          4       212.00   47.11   11.78       211.50   47.00    11.75 
vote            435                  232                      16          16         0           2       217.50   27.19   13.59       116.00   14.50    7.25 
vowel           990                  990                      13          3          10          11      90.00    76.15   6.92        90.00    76.15    6.92 
waveform-5000   5004                 5000                     40          0          40          3       1668.00  125.10  41.70       1666.67  125.00   41.67 
wine            178                  178                      13          0          13          3       59.33    13.69   4.56        59.33    13.69    4.56 
zoo             104                  101                      17          16         1           7       14.86    6.12    0.87        14.43    5.94     0.85 
                