100006700297	3	1	1	1	
864728419	9	1	1	1	1	1	1	1	1	1	
1338916234	-1	-1	
1168224009	3	1	1	1	
1334445915	-1	-1	
100016503150	-5	-1	-1	-1	-1	-1	
100030514175	-1	-1	
1303424715	-1	-1	
1273503847	-2	-1	-1	
1228839957	-1	-1	
1327312812	-1	-1	
1286810691	-1	-1	
1302220026	-1	-1	
1305313037	-2	-1	-1	
186927704	-1	-1	
1339443767	-1	-1	
1323326844	-2	-1	-1	
1311409312	-1	-1	
100013300931	-7	-1	-1	-1	-1	-1	-1	-1	
100009405147	2	1	1	
100002901464	-1	-1	
1319528649	-1	-1	
100007522264	4	1	1	1	1	
15018974	-1	-1	
1313014296	-1	-1	
100010101877	-1	-1	
100010418147	1	1	
1283742959	-1	-1	
100007500018	-1	-1	
1274507608	-1	-1	
261132853	-1	-1	
112630976	6	1	1	1	1	1	1	
100033317967	-1	-1	
1210604178	-1	-1	
100030703510	4	1	1	1	1	
596304004	-1	-1	
892930743	-1	-1	
1253222521	-1	-1	
802916395	-1	-1	
1247428601	-1	-1	
100005525278	-3	-1	-1	-1	
1247939225	-1	-1	
1244924293	-1	-1	
825241870	-1	-1	
100031510498	9	1	1	1	1	1	1	1	1	1	
8212037	-1	-1	
100023005356	1	1	
286100175	-3	-1	-1	-1	
387400823	-1	-1	
1311129080	-1	-1	
576324710	-1	-1	
1309825183	-1	-1	
1248131382	-1	-1	
839622474	3	1	1	1	
112630966	4	1	1	1	1	
30032591	-1	-1	
61727468	-1	-1	
184706249	-1	-1	
1301322616	-1	-1	
1307853524	-1	-1	
1338207757	-1	-1	
107937110	2	1	1	
1276134383	-1	-1	
1324139090	-1	-1	
100009818187	2	1	1	
1166517993	-1	-1	
1239412073	-1	-1	
1312847186	-1	-1	
1240726678	-1	-1	
1302018910	-1	-1	
100000007490	1	1	
205521539	-1	-1	
1227934278	-1	-1	
1220637320	-1	-1	
1287609451	-1	-1	
191806844	-1	-1	
1334520894	-1	-1	
1269118303	-1	-1	
100032315920	2	1	1	
1334520896	-2	-1	-1	
1265821796	-1	-1	
1262808466	-1	-1	
1215527472	-1	-1	
114829273	4	1	1	1	1	
1331244602	-1	-1	
1245011153	-1	-1	
1295939373	-1	-1	
48723836	-10	-1	-1	-1	-1	-1	-1	-1	-1	-1	-1	
824507571	3	1	1	1	
1331244605	-1	-1	
1241034989	-1	-1	
1331244604	-1	-1	
1232139580	-1	-1	
100010902990	1	1	
1339443728	-1	-1	
833125327	-1	-1	
594927664	-1	-1	
201213499	-1	-1	
1228316057	-1	-1	
418135267	-1	-1	
100002201442	-2	-1	-1	
1278421874	-1	-1	
100031121898	15	1	1	1	1	1	1	1	1	1	1	1	1	1	1	1	
100002201445	8	1	1	1	1	1	1	1	1	
1271021668	-1	-1	
100002201444	-2	-1	-1	
100002201446	4	1	1	1	1	
100014712435	-1	-1	
918935769	-1	-1	
778705263	-1	-1	
100019119321	-1	-1	
100031414163	-1	-1	
340603135	-1	-1	
24707470	-11	-1	-1	-1	-1	-1	-1	-1	-1	-1	-1	-1	
1264025283	-1	-1	
1226700569	-1	-1	
1313328735	-1	-1	
1050333272	-1	-1	
718207483	-1	-1	
1239024360	-1	-1	
627904670	-1	-1	
387330423	-1	-1	
100002901455	3	1	1	1	
1321907372	-1	-1	
100033615650	21	1	1	1	1	1	1	1	1	1	1	1	1	1	1	1	1	1	1	1	1	1	
1288626221	-1	-1	
1279412369	-1	-1	
1305523718	-1	-1	
100003001279	2	1	1	
1324226879	-1	-1	
1308809227	-1	-1	
1334748074	-1	-1	
1309335490	-1	-1	
387330427	11	1	1	1	1	1	1	1	1	1	1	1	
1325301676	-1	-1	
100016103472	1	1	
1331517763	-1	-1	
458529466	-1	-1	
387214556	-1	-1	
403723590	-1	-1	
1322021466	-1	-1	
100032716042	-1	-1	
1315638911	-1	-1	
344624232	-1	-1	
100002306578	-1	-1	
809238248	-1	-1	
1331801227	-1	-1	
1225235084	-1	-1	
1324742469	-1	-1	
1280927466	-1	-1	
100007410413	-1	-1	
1321417244	-1	-1	
100014904489	2	1	1	
1319619137	-1	-1	
1233834930	-1	-1	
1312900735	-1	-1	
1290316482	-1	-1	
100017317911	-1	-1	
389717230	-1	-1	
982008677	-1	-1	
42903646	-1	-1	
59937346	-1	-1	
81323913	-1	-1	
100006823184	5	1	1	1	1	1	
1309331477	-1	-1	
1280729628	-2	-1	-1	
1041929363	-1	-1	
1299747963	-1	-1	
1238326107	-1	-1	
100002701868	3	1	1	1	
1306520094	-1	-1	
1317907714	-1	-1	
217013925	-1	-1	
100019109574	-1	-1	
831402495	-1	-1	
1257531060	-1	-1	
100006522482	4	1	1	1	1	
1318531546	-1	-1	
1301724554	-1	-1	
100006522483	7	1	1	1	1	1	1	1	
162415430	-1	-1	
1301724555	-1	-1	
1294944458	-1	-1	
1294944459	-1	-1	
1262218974	-2	-1	-1	
1339807728	-1	-1	
1264708742	-1	-1	
1268001807	-1	-1	
1330241792	1	1	
1309743594	-1	-1	
250823813	1	1	
1236200013	-1	-1	
909608215	-1	-1	
1227131761	-1	-1	
100011500483	2	1	1	
1314314827	-1	-1	
1214623414	-1	-1	
1272208975	-1	-1	
1323826755	-1	-1	
100008703800	1	1	
1280742622	-2	-1	-1	
1290203306	-1	-1	
1254037816	-1	-1	
187231264	-1	-1	
100003818771	-1	-1	
1282600689	-1	-1	
1312233660	-1	-1	
1228633308	-1	-1	
1224019503	-1	-1	
100006615553	1	1	
1322347518	-1	-1	
1289805650	-1	-1	
1327446030	-1	-1	
1279031829	-1	-1	
100002301237	-2	-1	-1	
1318626826	-2	-1	-1	
100008904365	4	1	1	1	1	
1301724568	-1	-1	
100018213150	42	1	1	1	1	1	1	1	1	1	1	1	1	1	1	1	1	1	1	1	1	1	1	1	1	1	1	1	1	1	1	1	1	1	1	1	1	1	1	1	1	1	1	
100002301240	2	1	1	
1326529015	-1	-1	
964307949	-1	-1	
1313338505	-1	-1	
1215634462	-1	-1	
115533733	-1	-1	
927612396	-1	-1	
66416896	-1	-1	
115533734	-1	-1	
369605682	-1	-1	
1289107898	-1	-1	
1324739698	-1	-1	
1224310538	-1	-1	
1294207097	-1	-1	
1242605111	-2	-1	-1	
1269611666	-1	-1	
1282730723	-1	-1	
123028564	-1	-1	
1320729203	-1	-1	
1242308721	-1	-1	
1243104168	-1	-1	
25219704	-1	-1	
100017617842	-1	-1	
78307208	-1	-1	
1245825596	-1	-1	
100012013723	-1	-1	
1224021801	-1	-1	
100030708835	1	1	
721601101	-1	-1	
1309007032	-1	-1	
1300620981	-1	-1	
388518246	-1	-1	
234723181	6	1	1	1	1	1	1	
1279912308	-1	-1	
151225952	-1	-1	
1223727696	-1	-1	
100017617831	-2	-1	-1	
1322012918	-1	-1	
1279012269	-1	-1	
81123889	-1	-1	
67721974	3	1	1	1	
1254510214	-1	-1	
74333423	-1	-1	
1306501305	-1	-1	
1143906477	-1	-1	
100009705042	-2	-1	-1	
1310325305	-1	-1	
100030110498	4	1	1	1	1	
1084514868	-1	-1	
610908627	-3	-1	-1	-1	
1256416222	-1	-1	
610908626	-2	-1	-1	
1261134493	-1	-1	
466317535	-1	-1	
452813950	6	1	1	1	1	1	1	
1240822925	-1	-1	
981812275	-1	-1	
66415593	-1	-1	
42903610	-1	-1	
100003522024	-1	-1	
1288912765	-1	-1	
21616612	-1	-1	
955633664	-1	-1	
100014720543	-1	-1	
112630928	3	1	1	1	
1302118757	-1	-1	
42903613	-1	-1	
1224924584	-1	-1	
1296120700	-1	-1	
1338800921	-1	-1	
850520829	-1	-1	
1217927637	-1	-1	
1327329253	-1	-1	
1221540118	-1	-1	
1301150231	-1	-1	
852108660	-1	-1	
410519438	-3	-1	-1	-1	
1264800214	-1	-1	
1210026263	-2	-1	-1	
1337746584	-1	-1	
1280217601	-1	-1	
1237020238	-1	-1	
14015268	-1	-1	
1294233742	-1	-1	
63125669	-1	-1	
1323332739	-1	-1	
410519439	-4	-1	-1	-1	-1	
1303104365	-1	-1	
410519422	-1	-1	
410519427	-2	-1	-1	
648245131	-1	-1	
1334520908	-1	-1	
1337933700	-1	-1	
100008204758	1	1	
1219234971	-1	-1	
1328940516	-1	-1	
1327910300	-1	-1	
166214668	1	1	
1334520903	-1	-1	
100032211343	-1	-1	
1334520906	-1	-1	
410519429	-1	-1	
1319403194	-1	-1	
478630486	-1	-1	
119426413	-1	-1	
1085814466	-1	-1	
805730166	-1	-1	
1234912468	-1	-1	
1334548498	-1	-1	
1220624860	-1	-1	
758025069	-1	-1	
1276911999	-3	-1	-1	-1	
1292336533	-1	-1	
100019517725	-1	-1	
1226809674	-1	-1	
1246335694	-1	-1	
1319542002	-1	-1	
651012040	-1	-1	
346516951	-1	-1	
1317145422	-1	-1	
1262735798	-1	-1	
115533785	-1	-1	
1301249811	-1	-1	
85311235	-1	-1	
316716994	-1	-1	
37513905	-1	-1	
100031207407	-1	-1	
1317801862	-1	-1	
1301005329	-1	-1	
100008203447	2	1	1	
1301923675	-1	-1	
1120710871	-1	-1	
100003301192	4	1	1	1	1	
274515768	-1	-1	
1276911998	-1	-1	
1268121798	-1	-1	
1300425794	-1	-1	
100000806349	1	1	
2905957	-1	-1	
1276911996	-2	-1	-1	
1211834388	-1	-1	
107027396	-1	-1	
1290613689	-1	-1	
1318919629	-1	-1	
1266105084	-1	-1	
1219218438	-1	-1	
1262301804	-1	-1	
100014501303	-1	-1	
173905393	-1	-1	
1227026946	-1	-1	
100019708015	-1	-1	
725819095	-1	-1	
1319004792	-1	-1	
1233201847	-1	-1	
128531679	-1	-1	
1218204738	-1	-1	
1241115556	-1	-1	
1268016421	-1	-1	
100010107545	-1	-1	
100014014716	1	1	
1247928099	-1	-1	
40206672	-8	-1	-1	-1	-1	-1	-1	-1	-1	
1336915669	-1	-1	
100008215440	-2	-1	-1	
100033102892	-1	-1	
1175532396	-1	-1	
870834247	-1	-1	
111237130	-2	-1	-1	
173905398	-5	-1	-1	-1	-1	-1	
1231117469	-1	-1	
1223317408	-1	-1	
100030902639	3	1	1	1	
1332546060	-1	-1	
54803294	-1	-1	
1228345031	-1	-1	
100009115485	-1	-1	
96323361	-2	-1	-1	
939325772	-1	-1	
1268130680	-3	-1	-1	-1	
269412240	-1	-1	
412628118	-1	-1	
1316318920	-1	-1	
1308922535	-1	-1	
1271108472	-1	-1	
1268130684	-4	-1	-1	-1	-1	
1317132551	-1	-1	
111237129	1	1	
160120517	-1	-1	
1261227206	-1	-1	
1290112892	-13	-1	-1	-1	-1	-1	-1	-1	-1	-1	-1	-1	-1	-1	
1304444678	-1	-1	
1335459588	-1	-1	
1286529785	-1	-1	
293407378	-1	-1	
1298120096	-1	-1	
124815847	-1	-1	
1285420419	-1	-1	
29304686	-1	-1	
1216721991	-1	-1	
100003603697	-1	-1	
815392	3	1	1	1	
1241910618	-1	-1	
1286030863	-1	-1	
1263526725	-1	-1	
1267804987	-2	-1	-1	
1319712396	-1	-1	
1225500607	-1	-1	
100019018282	-1	-1	
815391	2	1	1	
1221829575	-1	-1	
1317233193	-1	-1	
100018209096	-2	-1	-1	
100019116670	-1	-1	
1290649228	-1	-1	
399228216	-1	-1	
1317704541	1	1	
1305207839	-1	-1	
870623434	-2	-1	-1	
1285907502	-1	-1	
573514608	-1	-1	
1246940411	-1	-1	
1256100787	-1	-1	
100018120968	-1	-1	
37915254	-1	-1	
1334520058	-1	-1	
1093403917	-1	-1	
1326322002	-1	-1	
326934319	-5	-1	-1	-1	-1	-1	
100003203487	-1	-1	
1280839602	-1	-1	
124724872	-1	-1	
688631032	-1	-1	
326934313	-2	-1	-1	
859100851	-1	-1	
100015800936	1	1	
326934317	-1	-1	
326934318	1	1	
1309527897	-1	-1	
268526357	-1	-1	
1269034258	-1	-1	
1264235476	-1	-1	
45533648	-1	-1	
1324610943	-1	-1	
1264118738	-1	-1	
1289425485	-1	-1	
1303445126	-1	-1	
1234636892	-1	-1	
1339018263	-1	-1	
1305750511	-1	-1	
52734073	-1	-1	
204413031	-1	-1	
1229605401	-1	-1	
1319626365	-1	-1	
100003101565	1	1	
512927387	-1	-1	
1313248454	-1	-1	
1288819148	-1	-1	
1310319478	-1	-1	
1283238087	-1	-1	
100010600481	1	1	
991222284	-1	-1	
423021927	-1	-1	
1275911750	-1	-1	
956613589	-1	-1	
1293844037	-1	-1	
1216234951	-1	-1	
397118511	-1	-1	
316110134	-1	-1	
100003103735	-1	-1	
100003101556	-1	-1	
38124250	1	1	
1231916469	-1	-1	
1322440262	-1	-1	
1339443828	-1	-1	
1272734353	-1	-1	
1241632150	-1	-1	
100009516500	-1	-1	
1328707086	-1	-1	
1305818184	-1	-1	
510731366	-1	-1	
153710095	-1	-1	
1261119643	-1	-1	
1244020725	-1	-1	
100031619405	8	1	1	1	1	1	1	1	1	
39923090	-1	-1	
100013202407	-1	-1	
100004013176	-1	-1	
1295100421	-1	-1	
1261514124	-1	-1	
1305600587	-1	-1	
739511842	-1	-1	
1263201449	-1	-1	
1280707070	-1	-1	
402504963	-1	-1	
1310936676	-1	-1	
100013505303	1	1	
9723278	-1	-1	
100006006895	-1	-1	
100008703774	2	1	1	
1329733510	-2	-1	-1	
1325702649	-1	-1	
233614271	-1	-1	
340422620	-1	-1	
1322035125	-1	-1	
1221804230	-1	-1	
1228739376	-1	-1	
1279919858	-1	-1	
1298142277	-1	-1	
1304421163	-1	-1	
1337915030	-1	-1	
1275301266	-1	-1	
1322702203	-1	-1	
111639053	-1	-1	
326934320	-5	-1	-1	-1	-1	-1	
1274202806	-1	-1	
139014098	-1	-1	
191301302	-1	-1	
1241006014	-1	-1	
1291729332	-1	-1	
93638400	-1	-1	
1270317632	-1	-1	
1338243987	-1	-1	
1225805741	-1	-1	
417221905	-1	-1	
790128878	-1	-1	
1237634238	-1	-1	
1278133186	-3	-1	-1	-1	
1274202819	-1	-1	
1329911836	-1	-1	
100001100458	-1	-1	
100001100457	-1	-1	
1309504333	-1	-1	
100000412428	-1	-1	
1252101431	-1	-1	
1284327187	-1	-1	
1292328492	-2	-1	-1	
54803428	-2	-1	-1	
100022400070	8	1	1	1	1	1	1	1	1	
228439881	-1	-1	
1313328881	-1	-1	
1280803126	-1	-1	
1236741065	-1	-1	
1290639151	-3	-1	-1	-1	
100008209766	1	1	
100009420444	-1	-1	
1310712253	-1	-1	
1283616924	-1	-1	
386322015	-1	-1	
764027723	-1	-1	
1281536889	-1	-1	
263212821	-1	-1	
1238111114	-1	-1	
100023018108	-2	-1	-1	
1269109768	-1	-1	
1324401925	-1	-1	
1210847687	-1	-1	
96509085	8	1	1	1	1	1	1	1	1	
875308729	-1	-1	
1263707264	-1	-1	
103015682	-1	-1	
1264816259	-1	-1	
1306321446	-1	-1	
103528028	-1	-1	
522822202	-1	-1	
807737998	-1	-1	
172632682	-1	-1	
100019302202	1	1	
5132464	-1	-1	
100022400069	2	1	1	
100020505072	-1	-1	
1296507384	-1	-1	
1061925860	-1	-1	
525828707	-1	-1	
100013905861	1	1	
47718967	1	1	
1273831287	-1	-1	
1338853909	-1	-1	
90905184	-1	-1	
100019201723	-1	-1	
665602920	-1	-1	
1321508682	-1	-1	
117938611	-1	-1	
501409318	3	1	1	1	
100003417609	-1	-1	
1215527539	-2	-1	-1	
82707700	-1	-1	
543223100	-3	-1	-1	-1	
1316846500	-1	-1	
366733934	-1	-1	
100013101457	-6	-1	-1	-1	-1	-1	-1	
1315312589	-1	-1	
100014219461	7	1	1	1	1	1	1	1	
8819188	-1	-1	
1237528078	-1	-1	
100010310702	3	1	1	1	
1327230984	-1	-1	
1296144659	-1	-1	
100032000648	-1	-1	
1219201227	-1	-1	
754531680	-1	-1	
1270219091	-1	-1	
1297018122	-1	-1	
100033715995	7	1	1	1	1	1	1	1	
1300716765	-1	-1	
901704946	-1	-1	
100014019837	5	1	1	1	1	1	
1243202781	-1	-1	
1307725164	-1	-1	
100021411107	5	1	1	1	1	1	
1250101568	-1	-1	
1294834952	-1	-1	
100033109946	-1	-1	
89542551	-1	-1	
103015655	7	1	1	1	1	1	1	1	
1303552958	-1	-1	
100019005205	-1	-1	
1317906387	-1	-1	
1301803557	-1	-1	
1324019361	-1	-1	
1210307272	-1	-1	
1244339255	-1	-1	
287005944	-1	-1	
1269818409	-1	-1	
100031017031	4	1	1	1	1	
1330211177	-1	-1	
1320253589	-1	-1	
1313042619	-1	-1	
1327329192	-1	-1	
1225012805	-1	-1	
103015642	6	1	1	1	1	1	1	
1309905063	-1	-1	
1304904594	-1	-1	
1260135627	-1	-1	
549012658	-1	-1	
952232494	-1	-1	
1301731591	-1	-1	
819715017	-1	-1	
1303753688	-1	-1	
406221466	-2	-1	-1	
116812803	-1	-1	
1278021604	-1	-1	
1289100286	-1	-1	
330206539	-1	-1	
100006306863	-1	-1	
1306121162	-1	-1	
1275031777	-1	-1	
1267909292	-1	-1	
1260041676	-1	-1	
100019918333	-1	-1	
1231119171	-1	-1	
78307185	-1	-1	
1304205258	-1	-1	
1277234315	-1	-1	
1261838570	-1	-1	
406221458	-1	-1	
803508190	-1	-1	
1313113507	-1	-1	
1239704410	-1	-1	
406221472	-3	-1	-1	-1	
100017017763	-1	-1	
1300740843	-1	-1	
857126419	-1	-1	
1274837052	-1	-1	
597724512	-3	-1	-1	-1	
1306449665	-1	-1	
100015015022	1	1	
406221471	-5	-1	-1	-1	-1	-1	
406221470	-2	-1	-1	
3007351	4	1	1	1	1	
1240623419	-1	-1	
1287116543	-1	-1	
794009943	-1	-1	
1290038925	-1	-1	
1242118820	-1	-1	
1218407844	-1	-1	
1261412499	-1	-1	
16422015	-1	-1	
1236604226	-1	-1	
100016814222	-1	-1	
1051738588	-1	-1	
1215917828	-1	-1	
1289828405	-1	-1	
1280903369	-1	-1	
1314750048	-1	-1	
1238936863	-1	-1	
108612152	-1	-1	
1266703225	-1	-1	
1296909626	-1	-1	
1300028973	-2	-1	-1	
213613259	-1	-1	
54803024	-1	-1	
1222735374	-1	-1	
1222735375	-1	-1	
54803023	-2	-1	-1	
100001107830	-4	-1	-1	-1	-1	
409121309	-1	-1	
1315229594	-1	-1	
1322216289	-1	-1	
1232919054	-1	-1	
1029602445	-1	-1	
1238918188	-1	-1	
100003501483	-7	-1	-1	-1	-1	-1	-1	-1	
100003501481	11	1	1	1	1	1	1	1	1	1	1	1	
1286246566	-1	-1	
97641230	-1	-1	
100019925077	-1	-1	
1334718540	-1	-1	
1272143481	-1	-1	
1260508127	-1	-1	
121000868	-1	-1	
100033507630	-1	-1	
986410916	-1	-1	
1306446182	-1	-1	
100007800015	-1	-1	
1294019392	-1	-1	
1307420435	-1	-1	
1239516979	-1	-1	
1333403567	-1	-1	
100013822197	3	1	1	1	
1276900221	-1	-1	
1307141625	-1	-1	
1312021477	-1	-1	
1260824311	-1	-1	
1276610402	-1	-1	
1295807405	-1	-1	
1261416487	-1	-1	
426001719	-1	-1	
1302228046	-1	-1	
1288838144	-1	-1	
1310721147	-1	-1	
1249030361	-1	-1	
1264740556	-1	-1	
185408020	-1	-1	
1323208654	-1	-1	
386225081	-1	-1	
1210122596	-1	-1	
139820514	-1	-1	
1276109250	-1	-1	
1323241671	-1	-1	
1300740807	-1	-1	
100031416899	1	1	
1269902556	-1	-1	
957909470	-1	-1	
1228440290	-1	-1	
1297328403	-1	-1	
100015105993	1	1	
1212916250	-1	-1	
1212916252	-1	-1	
1299744585	-1	-1	
1262302617	-1	-1	
1336330874	-1	-1	
66204130	-1	-1	
1245802361	-1	-1	
100030612366	-1	-1	
13314622	-1	-1	
100032415886	-1	-1	
65228499	-1	-1	
1318012804	-1	-1	
1304525306	-1	-1	
1306324106	-1	-1	
1298931647	-1	-1	
100021415553	3	1	1	1	
756721795	-3	-1	-1	-1	
1299313669	-1	-1	
1312053479	-1	-1	
1285444667	-1	-1	
1324147605	-1	-1	
100017217653	-6	-1	-1	-1	-1	-1	-1	
1335352347	-1	-1	
100015615642	-1	-1	
346112513	-1	-1	
1312803414	-1	-1	
254201429	-1	-1	
100017520462	3	1	1	1	
1296523018	-1	-1	
1329040301	-1	-1	
100006102595	-1	-1	
397736271	-1	-1	
1279913515	-1	-1	
1281625965	-1	-1	
133414963	-1	-1	
100013602252	8	1	1	1	1	1	1	1	1	
654022645	-1	-1	
32118061	-1	-1	
1316138728	-1	-1	
173905406	-1	-1	
1290141573	-1	-1	
100018218982	-1	-1	
1322533649	-1	-1	
1255812478	-1	-1	
1306719010	-1	-1	
83404608	-1	-1	
173905400	-1	-1	
100018319496	-1	-1	
1326103933	-1	-1	
1289336005	-1	-1	
82707741	-1	-1	
100606314	-1	-1	
213607858	-2	-1	-1	
655309169	-1	-1	
1298326531	-1	-1	
100014000989	1	1	
1163716217	-1	-1	
1307146021	-1	-1	
1297444962	-1	-1	
1324648870	-1	-1	
1101524706	-1	-1	
718903126	-1	-1	
761520581	-1	-1	
100030017014	2	1	1	
1211409120	-1	-1	
364027570	-1	-1	
1300252106	-1	-1	
1212300591	-1	-1	
100033710661	-1	-1	
3310150	-1	-1	
1331925664	-1	-1	
435513592	-1	-1	
100015000036	2	1	1	
1216101599	-1	-1	
100015404664	1	1	
81123747	-1	-1	
1323641756	-1	-1	
294024162	-1	-1	
1333605940	-1	-1	
1311425107	-1	-1	
217336392	1	1	
1121406878	-1	-1	
1304741325	-1	-1	
1324415655	-1	-1	
250319859	-2	-1	-1	
1297819759	-1	-1	
24620015	-1	-1	
942103431	-1	-1	
1330820600	-1	-1	
100005921580	-1	-1	
1275928698	-1	-1	
1315417084	-1	-1	
254211301	-1	-1	
1272619705	-1	-1	
1232707588	-1	-1	
838702000	-2	-1	-1	
1329534818	-1	-1	
1275208888	-1	-1	
1321643512	-1	-1	
668916212	-1	-1	
1244110979	-1	-1	
987004938	-1	-1	
409529456	-1	-1	
97112460	-1	-1	
133803681	-1	-1	
153514962	-1	-1	
1336028174	-1	-1	
1315249253	-1	-1	
1245603380	-1	-1	
1301553008	-1	-1	
1296447641	-1	-1	
1296447640	-1	-1	
1286628099	-1	-1	
1296447646	-1	-1	
325214223	-1	-1	
1215821415	-1	-1	
1319844886	-1	-1	
1299243333	-1	-1	
1217442982	-1	-1	
1331806392	-1	-1	
1324309145	-1	-1	
1226212287	-1	-1	
1283238133	-1	-1	
100016421535	1	1	
230916116	-1	-1	
1246402117	-1	-1	
1224033768	-1	-1	
681409405	-1	-1	
36001511	-2	-1	-1	
1294233650	-1	-1	
1239319715	-1	-1	
1206419903	-1	-1	
1222412201	-1	-1	
240503893	-1	-1	
1281520883	-1	-1	
1271333181	-1	-1	
100033915327	-1	-1	
100022303092	-1	-1	
127411166	-1	-1	
1310650395	-1	-1	
15020473	7	1	1	1	1	1	1	1	
234205692	-1	-1	
1300609947	-1	-1	
1328101363	-1	-1	
15020471	-3	-1	-1	-1	
1339215102	-1	-1	
1332723126	-1	-1	
913621588	-1	-1	
272505610	-1	-1	
405441051	-1	-1	
1311036894	-1	-1	
1211514634	-1	-1	
1237317569	-1	-1	
388701399	-1	-1	
1221637778	-1	-1	
1314119632	-1	-1	
42430908	1	1	
1245501382	-1	-1	
100021600470	3	1	1	1	
1301746150	-1	-1	
100032502725	-1	-1	
1220505208	-1	-1	
2107925	-1	-1	
100016905826	-1	-1	
1286105531	-1	-1	
100001912248	-1	-1	
1308015626	-1	-1	
1306838263	-2	-1	-1	
1304327693	-1	-1	
100000908676	-1	-1	
1305001462	-14	-1	-1	-1	-1	-1	-1	-1	-1	-1	-1	-1	-1	-1	-1	
85000480	-1	-1	
64220151	-1	-1	
1279132348	-5	-1	-1	-1	-1	-1	
100015609368	2	1	1	
1283238115	-1	-1	
1315134431	-1	-1	
1323340460	-1	-1	
1232215222	-1	-1	
1301444802	-1	-1	
1331056601	-1	-1	
1215310815	-1	-1	
1324145839	-1	-1	
1311153533	-1	-1	
41324155	-1	-1	
45201708	-1	-1	
1284839540	-1	-1	
100030806351	1	1	
1052202793	-1	-1	
1238017972	-1	-1	
1270002825	-1	-1	
439316721	-1	-1	
1210929022	-1	-1	
933704121	-1	-1	
675107312	-1	-1	
1322035071	-1	-1	
1257409088	-1	-1	
1221303182	-1	-1	
100002001042	1	1	
1283330391	-1	-1	
1281118438	-1	-1	
1309330010	-1	-1	
1242605542	-1	-1	
35307710	-1	-1	
1218617820	-1	-1	
1273702211	-1	-1	
353311767	-1	-1	
1277408787	-1	-1	
1322316321	-1	-1	
788508141	-1	-1	
199212189	-1	-1	
826410967	-1	-1	
100020314167	-1	-1	
554911208	-1	-1	
999107671	-1	-1	
100008003253	2	1	1	
1277012211	-5	-1	-1	-1	-1	-1	
341906179	-1	-1	
100020801600	2	1	1	
91330188	-1	-1	
1194308483	-1	-1	
1068810658	-1	-1	
496129841	-1	-1	
1244810781	-1	-1	
1305544992	-1	-1	
1247434569	-1	-1	
1311624566	-1	-1	
969812727	-1	-1	
1217909010	-1	-1	
1338327734	2	1	1	
45827978	-1	-1	
1292445024	-1	-1	
100006121214	-1	-1	
1252117059	-1	-1	
1238638964	-1	-1	
1266337681	-1	-1	
331420684	-1	-1	
1338822358	-1	-1	
29306091	-1	-1	
113829658	-4	-1	-1	-1	-1	
1288603233	-3	-1	-1	-1	
1324632838	-1	-1	
419617076	-1	-1	
249803843	-1	-1	
1279521433	-1	-1	
1297721924	-1	-1	
1274816593	-1	-1	
1004523407	-1	-1	
1324504675	-1	-1	
379529508	7	1	1	1	1	1	1	1	
1212923337	-1	-1	
350012605	-1	-1	
500233040	-2	-1	-1	
1334939363	-1	-1	
1233429330	-1	-1	
1103312387	-1	-1	
100004218617	-1	-1	
1245731977	-1	-1	
100003703476	-1	-1	
995806964	-1	-1	
1332930171	-2	-1	-1	
100003804917	2	1	1	
228428339	-1	-1	
1302031318	-1	-1	
1300309038	-1	-1	
1304938443	-1	-1	
1223724651	-1	-1	
1229402351	-1	-1	
1294330242	-1	-1	
964616811	-1	-1	
74015664	-1	-1	
1244731515	-1	-1	
1293632031	-1	-1	
1314307983	-1	-1	
1240105617	-1	-1	
1276813049	-1	-1	
1247723033	-2	-1	-1	
1214444329	-1	-1	
24720117	-1	-1	
36113265	-1	-1	
1240408734	-1	-1	
925424626	-1	-1	
1237738293	-1	-1	
1325745882	-1	-1	
1275607709	1	1	
386318816	-1	-1	
1325803359	-1	-1	
1305504025	-1	-1	
1334253443	-1	-1	
100002122557	-1	-1	
100015704645	4	1	1	1	1	
100002122558	-1	-1	
1261920030	-1	-1	
100007311724	-1	-1	
1317645838	-1	-1	
1242229777	-1	-1	
1287519499	-1	-1	
1267611923	-2	-1	-1	
1088310948	-1	-1	
1256317360	-1	-1	
1322641336	-1	-1	
100015401509	5	1	1	1	1	1	
838701985	-1	-1	
95744925	-1	-1	
1330115489	-1	-1	
1306934480	-1	-1	
1233514810	-1	-1	
1219837326	-1	-1	
1212333907	-1	-1	
233838654	-1	-1	
1269917269	-1	-1	
1210028993	-1	-1	
1236519203	-1	-1	
88220774	-1	-1	
100017017708	-1	-1	
419926455	-1	-1	
650234080	-1	-1	
1249317491	-1	-1	
1290933819	-1	-1	
100012319557	-1	-1	
954419735	-1	-1	
1333511690	-1	-1	
1236820266	-1	-1	
1332943889	-1	-1	
1281537704	-1	-1	
1295926683	-3	-1	-1	-1	
1233514805	-1	-1	
1301031747	-1	-1	
207936576	-1	-1	
1305613968	-1	-1	
1337045982	-1	-1	
973624313	-1	-1	
100030221475	-1	-1	
1297821697	-1	-1	
1285617832	-1	-1	
1291804726	-6	-1	-1	-1	-1	-1	-1	
100015420247	-1	-1	
1327627482	-1	-1	
1059238271	-1	-1	
1213844907	-1	-1	
931015468	-1	-1	
1277309060	-1	-1	
1314923205	-1	-1	
100022307861	-1	-1	
59242099	-1	-1	
1294027037	-1	-1	
1336510346	-2	-1	-1	
1313203896	-1	-1	
1245100790	-1	-1	
1242229766	-1	-1	
1278519153	-1	-1	
100019713528	-1	-1	
1318421559	-1	-1	
1222118742	-1	-1	
1164328841	-1	-1	
1265735669	-1	-1	
182022681	-1	-1	
1336028192	-1	-1	
100014722050	4	1	1	1	1	
1240729694	-1	-1	
100030008199	1	1	
690717511	-1	-1	
100009717202	1	1	
1304725521	-1	-1	
63702470	-1	-1	
100030917119	1	1	
501636053	-1	-1	
100017419303	11	1	1	1	1	1	1	1	1	1	1	1	
100009023914	2	1	1	
100009023915	4	1	1	1	1	
1322352252	-1	-1	
166319149	-1	-1	
1301542926	-1	-1	
1298419926	-1	-1	
97509628	-1	-1	
100033403397	1	1	
560710775	-1	-1	
1306342017	-1	-1	
28509556	-1	-1	
480000585	-1	-1	
1278513441	-1	-1	
28509554	-1	-1	
1251900859	-1	-1	
1316306675	-1	-1	
201732317	-2	-1	-1	
100019317804	-2	-1	-1	
100017613680	-1	-1	
1318845851	-1	-1	
100015420240	-1	-1	
1257202034	-1	-1	
1292627357	-1	-1	
1234927257	-1	-1	
64528834	-1	-1	
100000206884	-1	-1	
1223619628	-1	-1	
1288924515	13	1	1	1	1	1	1	1	1	1	1	1	1	1	
297815540	-1	-1	
1304835179	-1	-1	
1219706561	-1	-1	
100030917120	1	1	
735310064	-1	-1	
89529471	-1	-1	
1339705999	-1	-1	
1289426616	-1	-1	
48930832	-1	-1	
1284201285	-1	-1	
1305750355	-1	-1	
1328716519	-1	-1	
1335353324	-1	-1	
100019313474	-1	-1	
1292533392	-1	-1	
1274816627	-1	-1	
4404542	-1	-1	
1293210673	-1	-1	
100014613720	-1	-1	
224112642	-3	-1	-1	-1	
1248120436	-1	-1	
1226414668	-1	-1	
1280316820	-1	-1	
35719399	-1	-1	
1266001123	-1	-1	
713825229	-1	-1	
1311010897	-2	-1	-1	
1255903270	-1	-1	
100000712637	-1	-1	
100017016599	-2	-1	-1	
100003401158	12	1	1	1	1	1	1	1	1	1	1	1	1	
391524038	-1	-1	
379034510	-1	-1	
100019013185	-2	-1	-1	
488404555	-1	-1	
39913420	-1	-1	
100010200146	2	1	1	
1297526649	-1	-1	
1283925848	-1	-1	
486220057	-1	-1	
1081908954	-1	-1	
319507691	-2	-1	-1	
304313142	-1	-1	
319507690	-2	-1	-1	
319507693	-1	-1	
319507692	1	1	
1300615306	-1	-1	
1314306180	-1	-1	
1269912660	-1	-1	
1330328327	-1	-1	
1248541022	-1	-1	
1247837015	-1	-1	
748024108	-1	-1	
1276109166	-1	-1	
999702666	-1	-1	
100006021829	3	1	1	1	
1332225985	-1	-1	
1215433236	-1	-1	
1246401974	-1	-1	
1318042105	-1	-1	
100015321744	2	1	1	
1245107570	-1	-1	
1325643118	-1	-1	
100011011034	1	1	
319507695	-5	-1	-1	-1	-1	-1	
319507694	-4	-1	-1	-1	-1	
1288349262	-1	-1	
1060930850	-1	-1	
100021321899	-1	-1	
204914088	-1	-1	
223211770	-2	-1	-1	
1211842585	-1	-1	
1316206860	-1	-1	
1319311958	-1	-1	
1226644125	-1	-1	
159802714	1	1	
402505664	1	1	
1322145057	-1	-1	
1326431732	-1	-1	
319507688	-1	-1	
319507687	-3	-1	-1	-1	
319507683	6	1	1	1	1	1	1	
221433952	-3	-1	-1	-1	
1323410939	-1	-1	
371612142	6	1	1	1	1	1	1	
100016623666	22	1	1	1	1	1	1	1	1	1	1	1	1	1	1	1	1	1	1	1	1	1	1	
1284134322	-1	-1	
1245429638	-1	-1	
1336036775	-1	-1	
1265012851	-1	-1	
192737380	-1	-1	
1184845726	-1	-1	
100014907373	1	1	
107401010	-1	-1	
246318252	-1	-1	
1325219799	-1	-1	
318206670	-1	-1	
1283325254	-1	-1	
89909533	-1	-1	
1318618604	-1	-1	
1290916870	-1	-1	
111610029	-1	-1	
1331130453	-1	-1	
1216638888	-2	-1	-1	
1306709173	-1	-1	
100010812327	1	1	
1274523061	-1	-1	
192533375	-1	-1	
1279735515	-1	-1	
100005914033	-1	-1	
14913243	-1	-1	
1032018356	-1	-1	
126913291	-1	-1	
1313637733	-1	-1	
1215308876	-1	-1	
1337544162	-1	-1	
1246919175	-1	-1	
100018116644	-1	-1	
1331639183	-1	-1	
1312122910	-1	-1	
117029156	-1	-1	
1293009123	-1	-1	
5218051	1	1	
1323752654	-1	-1	
100008823480	1	1	
523628690	-1	-1	
100001105528	-1	-1	
100008823482	3	1	1	1	
1217415510	-1	-1	
1286631766	-1	-1	
1321539009	-1	-1	
238528360	-1	-1	
212230399	-1	-1	
1333925335	-1	-1	
1325305379	-1	-1	
1315322437	-1	-1	
306402764	-1	-1	
430712776	-1	-1	
100003119424	-1	-1	
1241514670	-1	-1	
100011424055	-1	-1	
1222113302	-1	-1	
1304215815	-1	-1	
1301221769	-1	-1	
853823961	-1	-1	
723702140	-1	-1	
1303542144	-1	-1	
371738963	-1	-1	
1286033360	-1	-1	
1221535824	-1	-1	
1312218293	-1	-1	
1312642873	-1	-1	
37222234	1	1	
1275542449	-1	-1	
1316215374	-1	-1	
1304426171	-1	-1	
342304052	-1	-1	
1223328695	-1	-1	
100022311852	-1	-1	
1327144103	-1	-1	
1272423585	-1	-1	
1297335060	-1	-1	
1338211673	-1	-1	
1313100110	-1	-1	
1305514649	-1	-1	
1279830104	-2	-1	-1	
1305537765	-1	-1	
1225810963	-1	-1	
114202262	-1	-1	
1306138725	-1	-1	
1312848608	-1	-1	
1299347597	-2	-1	-1	
1213905880	-1	-1	
100003022775	-1	-1	
1302623806	-1	-1	
129337473	-3	-1	-1	-1	
1238936719	-1	-1	
1278537035	-1	-1	
100022302939	1	1	
1289935916	-1	-1	
1238936718	-1	-1	
1326046296	-1	-1	
222536615	-1	-1	
948737788	-1	-1	
13602053	-1	-1	
1300832729	-1	-1	
802340975	-1	-1	
10222819	-1	-1	
10222818	-1	-1	
1216739121	-1	-1	
1332048109	-1	-1	
1285434466	-1	-1	
1223729662	-1	-1	
1276012164	-1	-1	
1256208334	-1	-1	
1300601946	-1	-1	
301202251	-1	-1	
1221321983	-1	-1	
100022019514	12	1	1	1	1	1	1	1	1	1	1	1	1	
1309304988	-1	-1	
14438256	-1	-1	
1242514456	-1	-1	
647430547	-1	-1	
1285209083	-1	-1	
100019706472	9	1	1	1	1	1	1	1	1	1	
1241105104	-1	-1	
683520709	-1	-1	
1264110251	-1	-1	
44013694	-1	-1	
7939469	-1	-1	
257632974	-1	-1	
1219400128	-2	-1	-1	
100003907227	-1	-1	
683520705	1	1	
1214825952	-1	-1	
58428898	-1	-1	
100032810786	-1	-1	
100022219952	-1	-1	
1258331044	-3	-1	-1	-1	
1232305698	-1	-1	
1227117285	-1	-1	
1315008300	-1	-1	
120810573	-1	-1	
1303149116	4	1	1	1	1	
1320432823	-1	-1	
463702481	-1	-1	
83704325	-1	-1	
658311300	-1	-1	
100003905051	1	1	
100021202070	-1	-1	
1225213449	-1	-1	
1301535372	-1	-1	
100019716260	1	1	
667424013	-1	-1	
829719402	-1	-1	
100004625077	-3	-1	-1	-1	
1232633547	-1	-1	
222616403	2	1	1	
1298036708	-1	-1	
657237392	-1	-1	
22531221	-1	-1	
1311940349	-1	-1	
1217217608	-1	-1	
86236420	-4	-1	-1	-1	-1	
1217217607	-1	-1	
1339025545	-1	-1	
1244110931	-1	-1	
1217217601	-1	-1	
1266825731	-1	-1	
1266230956	-1	-1	
1216638812	-1	-1	
1298433817	-1	-1	
1298433818	-1	-1	
102324352	-1	-1	
100018100690	-1	-1	
1274843448	-1	-1	
1285139020	-1	-1	
766534863	-1	-1	
100020017276	1	1	
5019397	-1	-1	
100022219968	-1	-1	
100020117916	-1	-1	
1336839267	-1	-1	
828321335	-1	-1	
5019398	-1	-1	
1278738776	-1	-1	
1277139290	-1	-1	
985103777	-1	-1	
101708030	-1	-1	
1266110260	-1	-1	
433823261	-1	-1	
157117716	-1	-1	
784344621	-1	-1	
348232071	-1	-1	
452229972	-1	-1	
1211134130	-1	-1	
100016103634	1	1	
100019613782	-1	-1	
1301819605	-1	-1	
100031008863	1	1	
1335216980	-1	-1	
1258331040	-5	-1	-1	-1	-1	-1	
100031817197	2	1	1	
1315426237	-1	-1	
57602043	-1	-1	
1258331034	-7	-1	-1	-1	-1	-1	-1	-1	
1258331037	-1	-1	
100031817199	6	1	1	1	1	1	1	
791315182	-2	-1	-1	
1256416450	-1	-1	
366035656	-1	-1	
1258331039	-1	-1	
100032202138	-1	-1	
791315183	-3	-1	-1	-1	
666506673	-1	-1	
1310602272	-1	-1	
95332686	-1	-1	
1313136008	-1	-1	
1266820009	-1	-1	
1323557491	-1	-1	
1261922130	-1	-1	
20432666	-1	-1	
100013601543	25	1	1	1	1	1	1	1	1	1	1	1	1	1	1	1	1	1	1	1	1	1	1	1	1	1	
100007709086	1	1	
100032215953	-1	-1	
1263702022	-1	-1	
1239820358	-1	-1	
710427317	-1	-1	
100013306923	-1	-1	
1315546019	-1	-1	
1293903882	-1	-1	
1282118273	-1	-1	
100017617247	1	1	
1329430846	-1	-1	
1305747996	-2	-1	-1	
100009310590	-1	-1	
133414679	-1	-1	
1283139878	-1	-1	
1285513458	-1	-1	
100033515537	2	1	1	
1245928713	-1	-1	
1309522362	-1	-1	
1211813515	-1	-1	
238015027	-1	-1	
1228715581	-1	-1	
1245525424	-1	-1	
73434824	-1	-1	
1246731194	-1	-1	
353311691	-1	-1	
1307803516	-1	-1	
100031124264	-1	-1	
1250924603	-1	-1	
779713258	-1	-1	
460208302	-1	-1	
1242112624	-1	-1	
1337001004	8	1	1	1	1	1	1	1	1	
1219528237	-1	-1	
1246022269	-1	-1	
100012116726	2	1	1	
100020307331	-1	-1	
1315408485	-1	-1	
1248331221	-1	-1	
1334023433	-1	-1	
1249028449	-1	-1	
1229707362	-1	-1	
100019607889	-1	-1	
1308851321	-1	-1	
1267241489	-1	-1	
1211611802	-1	-1	
1324806742	-1	-1	
100007118342	1	1	
1321242789	-1	-1	
1303313206	-1	-1	
100003405088	-1	-1	
1315845433	-2	-1	-1	
1325307986	-8	-1	-1	-1	-1	-1	-1	-1	-1	
100002403598	-1	-1	
1223108697	-3	-1	-1	-1	
1294422034	-1	-1	
1260336202	-1	-1	
1326631467	-1	-1	
1269127823	-1	-1	
100018908332	-1	-1	
100010216014	2	1	1	
95332642	-1	-1	
432103722	-1	-1	
1260109850	-1	-1	
230916074	-1	-1	
346340308	-1	-1	
1211536311	-1	-1	
1275100015	-1	-1	
1339516581	-1	-1	
1332439775	-1	-1	
1322740777	-1	-1	
1212916264	-1	-1	
1253909269	-1	-1	
100011416085	-1	-1	
285208651	-1	-1	
119334588	-2	-1	-1	
1254814266	-1	-1	
100001612163	-1	-1	
124835693	-1	-1	
1230725727	-1	-1	
1288125206	-1	-1	
100015303414	-1	-1	
284832649	-1	-1	
356418473	-1	-1	
44013710	-1	-1	
1246402014	-1	-1	
100002905226	-1	-1	
64714746	-1	-1	
1313308144	-2	-1	-1	
1323122667	-1	-1	
788113606	-1	-1	
100011600001	2	1	1	
1332126657	-1	-1	
1247112680	-1	-1	
1012101645	-1	-1	
1228312391	-1	-1	
1301017510	-2	-1	-1	
1234603732	-1	-1	
1303439563	-1	-1	
1318825312	-1	-1	
1246700495	-1	-1	
440534019	5	1	1	1	1	1	
1030703655	-2	-1	-1	
1310021766	-1	-1	
1303726650	-1	-1	
1334123576	-1	-1	
244101771	-1	-1	
100008416199	-1	-1	
493408423	-1	-1	
1307619780	-1	-1	
74040503	-1	-1	
1274040141	-1	-1	
1333209286	-1	-1	
913621479	-1	-1	
1323938732	-1	-1	
1308048057	-1	-1	
1218400658	-1	-1	
109035180	-1	-1	
1336022930	-1	-1	
711812661	-1	-1	
100019402996	3	1	1	1	
100001008483	1	1	
1312942257	-1	-1	
1216043551	-1	-1	
1307759777	-1	-1	
132000544	-1	-1	
1235035956	-1	-1	
1297938713	-1	-1	
100003904554	2	1	1	
100012111461	3	1	1	1	
1188839261	-1	-1	
307506371	-1	-1	
100016503785	-1	-1	
1320805685	-2	-1	-1	
1248738875	-1	-1	
100022317984	-2	-1	-1	
1272209284	-1	-1	
1320805687	-1	-1	
543223093	-1	-1	
1292714276	-1	-1	
100003204576	2	1	1	
1292449986	-1	-1	
100033311218	-1	-1	
1245928796	-1	-1	
1089702155	-1	-1	
1236428729	-1	-1	
1309830212	-1	-1	
1306746015	-1	-1	
1307204971	-1	-1	
240232896	-1	-1	
100022021366	-1	-1	
274623963	-1	-1	
1309609733	-1	-1	
6914432	-1	-1	
1221616588	-1	-1	
100019618148	-1	-1	
100005809216	-1	-1	
912439350	-1	-1	
100017011293	-1	-1	
294206116	-1	-1	
1268125098	-1	-1	
3320018	-1	-1	
391504958	-1	-1	
73409028	-1	-1	
485611441	-1	-1	
1310643798	-1	-1	
73409027	8	1	1	1	1	1	1	1	1	
1301121582	-1	-1	
1321126164	-1	-1	
100003601635	-1	-1	
83117555	-1	-1	
342117216	7	1	1	1	1	1	1	1	
1283138945	-1	-1	
342117217	3	1	1	1	
100000308063	-1	-1	
1313848068	-1	-1	
932830482	-1	-1	
1026823766	-1	-1	
1318522028	-1	-1	
1228407955	-1	-1	
1331732319	-1	-1	
280613830	-1	-1	
55126811	-1	-1	
355909628	-1	-1	
1289530531	-1	-1	
1282146359	-1	-1	
221016965	-1	-1	
689040143	-1	-1	
100007307599	-1	-1	
264129487	-1	-1	
1290821126	-4	-1	-1	-1	-1	
1292905488	-3	-1	-1	-1	
100033803139	4	1	1	1	1	
1310133861	-1	-1	
1260935636	-1	-1	
1223515510	-1	-1	
1325012655	-1	-1	
1300902370	-1	-1	
1007907646	-2	-1	-1	
1334255988	-1	-1	
100022922772	-1	-1	
1289323752	-1	-1	
1335147372	-1	-1	
1211703521	-1	-1	
100022904940	5	1	1	1	1	1	
985825064	7	1	1	1	1	1	1	1	
100031409316	3	1	1	1	
1303729306	-1	-1	
70626094	-3	-1	-1	-1	
373305143	-1	-1	
1338950456	-1	-1	
1315237712	-1	-1	
1244007521	-1	-1	
1267908493	-1	-1	
1219301572	-1	-1	
1320349398	-1	-1	
1328421953	-1	-1	
695418937	-1	-1	
1333851879	-1	-1	
100010305264	1	1	
38430503	-1	-1	
1232533655	-1	-1	
1230700854	-1	-1	
82709385	-1	-1	
1276617670	-1	-1	
522833375	-2	-1	-1	
922436559	-1	-1	
1255901106	-1	-1	
44729228	-2	-1	-1	
1297738204	-1	-1	
100015504455	2	1	1	
100017303488	-1	-1	
761520606	-1	-1	
1228016086	-1	-1	
1269433948	-1	-1	
28001761	-8	-1	-1	-1	-1	-1	-1	-1	-1	
120505628	-1	-1	
1321139487	-1	-1	
1229000714	-1	-1	
100018314126	-1	-1	
1293821133	-1	-1	
1317631308	-1	-1	
1304937674	-1	-1	
1294034902	-1	-1	
109516757	-1	-1	
28001759	-1	-1	
1232533681	-1	-1	
94516094	-1	-1	
1249002261	-1	-1	
1224418439	-1	-1	
1314023290	-1	-1	
28001751	6	1	1	1	1	1	1	
1229801326	-1	-1	
1232533679	-1	-1	
28001757	-1	-1	
1317109978	-1	-1	
1282814798	-1	-1	
28001755	-1	-1	
1216616245	-1	-1	
1228908743	-1	-1	
411013822	-1	-1	
30920914	5	1	1	1	1	1	
100017216936	1	1	
224216707	-1	-1	
30920912	6	1	1	1	1	1	1	
1243529047	6	1	1	1	1	1	1	
155205329	10	1	1	1	1	1	1	1	1	1	1	
30920916	-6	-1	-1	-1	-1	-1	-1	
82707955	-1	-1	
30920917	-1	-1	
1241306640	-1	-1	
100017521591	2	1	1	
1287113278	-1	-1	
100010819247	-1	-1	
790001824	-1	-1	
100016504116	-2	-1	-1	
272407540	-1	-1	
47304667	3	1	1	1	
1256416360	-1	-1	
1299835621	-1	-1	
213913958	-1	-1	
1280245881	-1	-1	
512414622	-1	-1	
268909624	-1	-1	
136615126	-1	-1	
107937268	-1	-1	
1303446862	-1	-1	
504415730	-1	-1	
1294018693	-1	-1	
1323220109	-1	-1	
129000178	-2	-1	-1	
1304700598	-1	-1	
595429601	-1	-1	
1273421542	-1	-1	
861813160	-1	-1	
1044609460	7	1	1	1	1	1	1	1	
100020018635	-1	-1	
100020018634	-3	-1	-1	-1	
1288936855	-1	-1	
100001221564	-1	-1	
100000408178	-1	-1	
100003300797	-1	-1	
100008815333	-1	-1	
1216703211	-1	-1	
1318934464	-1	-1	
30920910	-5	-1	-1	-1	-1	-1	
1286843029	-1	-1	
842532975	-1	-1	
203122322	-1	-1	
387417130	-1	-1	
1213916497	-1	-1	
100020702023	13	1	1	1	1	1	1	1	1	1	1	1	1	1	
109421014	2	1	1	
1279513195	-1	-1	
1268039925	-1	-1	
1288325112	-1	-1	
489024844	-1	-1	
109421018	1	1	
35711793	-1	-1	
139014614	-1	-1	
1171017324	-1	-1	
125504913	-1	-1	
100014001242	1	1	
1337512200	-1	-1	
157603376	-1	-1	
37526885	-1	-1	
100032609623	-1	-1	
1210628494	-1	-1	
1322457643	-1	-1	
30920924	-1	-1	
1242814407	-1	-1	
1217722879	-1	-1	
1244701847	-1	-1	
1295909812	-1	-1	
1235213203	-1	-1	
1212723701	-1	-1	
100017800931	-1	-1	
100017800930	4	1	1	1	1	
1136253	-1	-1	
100009716015	-1	-1	
100018918535	-1	-1	
1225740011	-1	-1	
100018918534	-3	-1	-1	-1	
1225208823	-1	-1	
504508602	-1	-1	
1233705207	-1	-1	
1286433736	-1	-1	
1336931247	-1	-1	
1213401461	-1	-1	
1288522353	-1	-1	
275420432	-1	-1	
1320232411	-1	-1	
1334326233	-1	-1	
487322670	-1	-1	
79909598	1	1	
1279837686	-1	-1	
1228342457	-1	-1	
98200481	8	1	1	1	1	1	1	1	1	
1319132076	-1	-1	
63730858	-1	-1	
100014804563	2	1	1	
1331303643	-1	-1	
1314248009	-1	-1	
1290026732	-1	-1	
997907318	-1	-1	
1303134394	-1	-1	
535008357	-2	-1	-1	
273617660	-1	-1	
141309082	-1	-1	
211906094	-1	-1	
1295719359	-1	-1	
100020600671	1	1	
491709368	-1	-1	
489024851	-1	-1	
100032609677	-1	-1	
1216807208	-1	-1	
1298826278	-1	-1	
1271336082	-1	-1	
189127778	-2	-1	-1	
189127779	-6	-1	-1	-1	-1	-1	-1	
1315339851	-1	-1	
100011801551	-1	-1	
1232305747	-1	-1	
189127774	-1	-1	
1305211356	-1	-1	
1312024300	-1	-1	
1300429319	-1	-1	
1285434391	-1	-1	
100032022288	-1	-1	
1304546940	-1	-1	
100019619362	-1	-1	
267823412	-7	-1	-1	-1	-1	-1	-1	-1	
267823411	-6	-1	-1	-1	-1	-1	-1	
1293918470	-1	-1	
46010577	-1	-1	
100013206750	1	1	
189127772	-2	-1	-1	
189127773	-1	-1	
1294818232	-1	-1	
1329515539	-1	-1	
100020113608	-1	-1	
1318405356	-1	-1	
1232305759	-1	-1	
1263021114	-1	-1	
1274231986	-1	-1	
1023611529	-1	-1	
1284522393	-1	-1	
1248410421	-1	-1	
1227138901	-1	-1	
1269810705	-1	-1	
1023611528	-1	-1	
1215010547	-1	-1	
1215303074	-1	-1	
1318042495	-1	-1	
1275329760	-1	-1	
1216511892	-1	-1	
1289733754	-1	-1	
1256208495	-1	-1	
1267342758	-1	-1	
1323334364	-1	-1	
1288201134	-1	-1	
189127781	-6	-1	-1	-1	-1	-1	-1	
189127782	-6	-1	-1	-1	-1	-1	-1	
100000607969	-1	-1	
1330638788	-1	-1	
189127780	-7	-1	-1	-1	-1	-1	-1	-1	
777218205	-1	-1	
1339340111	-1	-1	
793342782	-1	-1	
100002418671	6	1	1	1	1	1	1	
1332729946	-1	-1	
626129124	-1	-1	
100020113614	-1	-1	
1279242071	-1	-1	
133414704	-1	-1	
1335605283	-1	-1	
1316553162	-1	-1	
1288631945	-1	-1	
1234815153	-1	-1	
363739959	-2	-1	-1	
136618236	-2	-1	-1	
100011416321	6	1	1	1	1	1	1	
1306302513	-1	-1	
1316405235	-1	-1	
1294830316	-1	-1	
1090303483	-1	-1	
1299201891	-1	-1	
909524881	-1	-1	
880121902	-1	-1	
100033923243	-1	-1	
268529181	-1	-1	
357836364	-1	-1	
1228904757	-1	-1	
1306734808	-1	-1	
250306370	-1	-1	
1290216521	-1	-1	
1288028743	-2	-1	-1	
93718937	-1	-1	
1294403951	-1	-1	
1309949240	-1	-1	
437616929	-1	-1	
1339912006	-1	-1	
54805431	-1	-1	
63732608	-1	-1	
1339912007	-1	-1	
1084323195	-1	-1	
237535379	1	1	
575518810	-1	-1	
1305212618	-1	-1	
666610360	-1	-1	
1332915694	-1	-1	
185119301	-1	-1	
100022419747	-1	-1	
100020417619	-1	-1	
100016114676	-1	-1	
1326825739	-1	-1	
1310252565	-1	-1	
1310252566	-1	-1	
164321469	-1	-1	
100030310614	7	1	1	1	1	1	1	1	
100030310613	2	1	1	
100018519537	-1	-1	
100000709372	3	1	1	1	
1265020958	-1	-1	
100014712986	-1	-1	
100033416513	7	1	1	1	1	1	1	1	
1236040609	-1	-1	
1242315141	-1	-1	
100018102965	-1	-1	
653810273	-1	-1	
1331423221	-1	-1	
1093116807	-1	-1	
1317748396	-1	-1	
100010606577	3	1	1	1	
473510284	-1	-1	
36203840	2	1	1	
100008521542	-1	-1	
280302419	32	1	1	1	1	1	1	1	1	1	1	1	1	1	1	1	1	1	1	1	1	1	1	1	1	1	1	1	1	1	1	1	1	
939519887	-1	-1	
103430790	-1	-1	
1262616527	-1	-1	
1323044506	-1	-1	
1242315139	-1	-1	
2803128	-1	-1	
939519884	-2	-1	-1	
1319741306	-1	-1	
1269619287	-1	-1	
954916828	-1	-1	
1308836786	-1	-1	
1223241906	-1	-1	
1317554789	-1	-1	
415214989	-1	-1	
100016321696	5	1	1	1	1	1	
100004713830	-1	-1	
1265029367	-1	-1	
100019015269	-1	-1	
1227142586	-1	-1	
1254208103	-1	-1	
836914478	-1	-1	
1247138641	-1	-1	
100033818489	1	1	
1015413932	-1	-1	
1214727153	-1	-1	
593906358	-1	-1	
827914288	-1	-1	
1337730926	-1	-1	
1275312946	-1	-1	
100019613205	-1	-1	
1324545721	-6	-1	-1	-1	-1	-1	-1	
507613775	-1	-1	
322316864	-1	-1	
1312545892	-1	-1	
1337644998	-1	-1	
1312545893	-1	-1	
1275933395	-1	-1	
1324704248	-1	-1	
1310711998	-1	-1	
100006511476	-1	-1	
100011513896	8	1	1	1	1	1	1	1	1	
63304847	-1	-1	
63304846	-1	-1	
943413128	-1	-1	
63732660	-1	-1	
1290832624	-1	-1	
1310629658	-1	-1	
1043741798	-1	-1	
100008011986	-1	-1	
1338139276	-6	-1	-1	-1	-1	-1	-1	
54805429	-1	-1	
1273746093	-1	-1	
473433512	-1	-1	
1323557703	-1	-1	
100012403044	-1	-1	
1297414091	-1	-1	
1244510063	-1	-1	
30920900	-3	-1	-1	-1	
1085338618	-1	-1	
1085338617	-1	-1	
1279005649	-1	-1	
100017917667	-2	-1	-1	
1338514478	-1	-1	
1275434364	-1	-1	
742524168	-1	-1	
1235628154	-1	-1	
279532628	-1	-1	
1311827627	-1	-1	
100012802463	2	1	1	
1213301626	-1	-1	
1324438401	-1	-1	
529840510	-1	-1	
100020106807	-1	-1	
113310118	-1	-1	
100020413292	-1	-1	
100017617933	-4	-1	-1	-1	-1	
1226027304	-1	-1	
100017617932	-2	-1	-1	
1338211376	-1	-1	
745828051	-1	-1	
1332321353	-1	-1	
570700694	3	1	1	1	
140605618	-1	-1	
79025658	-1	-1	
1319121786	-1	-1	
1303541221	-2	-1	-1	
1219630262	-1	-1	
1296506606	-1	-1	
502309700	-1	-1	
1216904316	-1	-1	
1232720308	-1	-1	
107514805	-1	-1	
158811649	-1	-1	
5211942	13	1	1	1	1	1	1	1	1	1	1	1	1	1	
1301509552	-1	-1	
1081707730	-1	-1	
355806927	-1	-1	
1252126169	-1	-1	
1280331528	-1	-1	
1289809833	-1	-1	
100017917565	-1	-1	
126204830	-1	-1	
1289809832	-1	-1	
100001414704	-1	-1	
1311944751	-1	-1	
164300910	-1	-1	
8016425	-1	-1	
103524228	-1	-1	
1231833823	-1	-1	
94007547	-4	-1	-1	-1	-1	
100019517834	-1	-1	
525313596	-1	-1	
203509817	-1	-1	
1337108947	-1	-1	
100031323544	1	1	
1279817182	-5	-1	-1	-1	-1	-1	
1218204645	-1	-1	
1305417813	-1	-1	
214821819	-1	-1	
100014412873	-1	-1	
182001185	-1	-1	
1289809829	-1	-1	
102417427	-1	-1	
1175332502	-1	-1	
1278232798	-1	-1	
1295114924	-1	-1	
95309328	-1	-1	
1302824756	-1	-1	
1328602386	-1	-1	
1275608873	-1	-1	
100002900960	-1	-1	
1294805896	-1	-1	
1243036830	-1	-1	
267611546	-1	-1	
1246900931	-1	-1	
1246900930	-1	-1	
1222506770	-1	-1	
1221639776	-1	-1	
1305151685	-1	-1	
647415532	2	1	1	
100017916254	-1	-1	
1334826511	-1	-1	
100017916256	6	1	1	1	1	1	1	
1305130755	-1	-1	
1227026875	-1	-1	
1236315665	-1	-1	
1322543103	-1	-1	
100017916252	-3	-1	-1	-1	
729431392	-1	-1	
1246128446	-2	-1	-1	
1291907712	-1	-1	
1295042432	-1	-1	
1321609851	-1	-1	
1326000540	-1	-1	
1219242019	-1	-1	
198211052	-1	-1	
1336717005	-1	-1	
1334506910	-1	-1	
1287536664	-1	-1	
166926760	7	1	1	1	1	1	1	1	
555638880	-1	-1	
1290804097	-1	-1	
79502013	-1	-1	
7809247	-2	-1	-1	
1268222288	-1	-1	
100033810114	-1	-1	
100000712132	-1	-1	
598400376	-1	-1	
1251008211	-1	-1	
443708108	-1	-1	
1282814802	-1	-1	
1331546143	-2	-1	-1	
1217415566	-1	-1	
1283924370	-1	-1	
1253313156	-1	-1	
911127236	-1	-1	
1318440910	-1	-1	
50229717	-1	-1	
1284233522	-1	-1	
1329945997	-1	-1	
209622169	-2	-1	-1	
1306141082	-1	-1	
1305039845	-5	-1	-1	-1	-1	-1	
1290731970	-1	-1	
1279533290	-6	-1	-1	-1	-1	-1	-1	
121908191	-1	-1	
1335425010	-1	-1	
1231211577	-1	-1	
1324220883	-1	-1	
1286030976	-1	-1	
1324451457	-1	-1	
1326847528	-1	-1	
177927444	-1	-1	
308507185	-1	-1	
100001200262	-1	-1	
64519893	-1	-1	
282520024	-1	-1	
1262819910	-1	-1	
31601371	-1	-1	
1306628823	-1	-1	
1336331599	-1	-1	
1217842994	-1	-1	
1235718051	-1	-1	
1305115619	-1	-1	
1296017057	-1	-1	
100019616658	3	1	1	1	
355320447	-2	-1	-1	
1293731596	-1	-1	
1232720716	-1	-1	
74731225	-1	-1	
1130902466	-1	-1	
100032615534	-1	-1	
1336551931	-1	-1	
1309006565	-1	-1	
803401695	-1	-1	
100002401436	-8	-1	-1	-1	-1	-1	-1	-1	-1	
1240927575	-1	-1	
100002401433	2	1	1	
100002401437	-1	-1	
1285816615	-1	-1	
1295807188	-1	-1	
100019618007	-1	-1	
1315703946	-1	-1	
100013100894	-2	-1	-1	
23407348	-1	-1	
1290322485	-1	-1	
808521889	-1	-1	
1233621050	-1	-1	
1328524864	-1	-1	
1037312286	-1	-1	
1294706157	-1	-1	
1332401983	-1	-1	
1307240728	-1	-1	
1291303700	-1	-1	
1294741702	-1	-1	
1280026952	-1	-1	
1311944350	-1	-1	
23407350	-1	-1	
1325441657	-1	-1	
11329508	-1	-1	
1180141082	-1	-1	
1287311015	-1	-1	
1307340454	-1	-1	
100013003761	1	1	
1331638276	-1	-1	
100003201195	-8	-1	-1	-1	-1	-1	-1	-1	-1	
1293624674	-1	-1	
1275745981	-2	-1	-1	
1282145395	-1	-1	
1225420421	-1	-1	
1274626295	-2	-1	-1	
1307627074	-1	-1	
100020612624	-1	-1	
249522772	-1	-1	
1322800951	-1	-1	
1302832773	-1	-1	
733921302	-1	-1	
66305381	-1	-1	
1285647430	-1	-1	
1276322243	-1	-1	
100017911882	6	1	1	1	1	1	1	
1240926216	-1	-1	
100020621584	4	1	1	1	1	
100019922583	-1	-1	
803504064	-1	-1	
1308035472	-1	-1	
1311122600	-1	-1	
199101550	-2	-1	-1	
386015941	-1	-1	
1338427250	-1	-1	
1210924451	-1	-1	
1315844623	-1	-1	
365020781	-1	-1	
1312647840	-1	-1	
100033302252	-1	-1	
1291511659	-1	-1	
1336817613	-1	-1	
114618490	-2	-1	-1	
1318139452	-1	-1	
1336023517	-1	-1	
1241023957	-1	-1	
470519478	-1	-1	
1317946549	-1	-1	
474007534	-1	-1	
100011318007	13	1	1	1	1	1	1	1	1	1	1	1	1	1	
378523165	-1	-1	
98827906	-7	-1	-1	-1	-1	-1	-1	-1	
1307601757	-1	-1	
100010017561	3	1	1	1	
1318139441	-1	-1	
516421828	-1	-1	
1318234328	-1	-1	
24704706	-2	-1	-1	
1233440798	-1	-1	
1334127681	-1	-1	
1328524435	-1	-1	
1249823836	-1	-1	
1240521648	-1	-1	
1246823830	-1	-1	
100020117592	-2	-1	-1	
1327231130	-1	-1	
1214110706	-1	-1	
1300907960	-1	-1	
1220142612	-1	-1	
1286140900	-1	-1	
107809969	-1	-1	
100018107406	1	1	
195232804	-1	-1	
1232717160	-1	-1	
111327378	-1	-1	
241033576	-1	-1	
1303916877	-1	-1	
100020317459	-2	-1	-1	
1289600360	-1	-1	
206704477	9	1	1	1	1	1	1	1	1	1	
100034200733	-1	-1	
1290232985	-1	-1	
498911893	-1	-1	
575102794	-1	-1	
1281138656	-1	-1	
100005900028	-1	-1	
1289018434	-1	-1	
1301720607	-1	-1	
1019925483	-2	-1	-1	
1302135637	-1	-1	
1284802440	-1	-1	
100019517813	-3	-1	-1	-1	
908427301	1	1	
839429674	-1	-1	
100017806317	-1	-1	
67336045	-1	-1	
1323920254	-1	-1	
1263710174	-1	-1	
1333253230	-1	-1	
