828232407	-1	-1	
100006700297	3	1	1	1	
1338916234	-1	-1	
1168224009	3	1	1	1	
368718996	-1	-1	
1334445915	-1	-1	
100030514175	-1	-1	
100014200998	-1	-1	
1303424715	-1	-1	
1273503847	-2	-1	-1	
1216840120	-1	-1	
1302220026	-1	-1	
398732894	-1	-1	
1323326844	-2	-1	-1	
1311409312	-1	-1	
1326853481	-1	-1	
1324430145	-1	-1	
1226209422	-1	-1	
15018974	-1	-1	
1313014296	-1	-1	
1307819623	-1	-1	
100010101877	-1	-1	
1283742959	-1	-1	
1265819024	-1	-1	
261132853	-1	-1	
112630976	6	1	1	1	1	1	1	
100033317967	-1	-1	
1296532431	-1	-1	
1210604178	-1	-1	
892930743	-1	-1	
1233601182	-1	-1	
1253222521	-1	-1	
1247428601	-1	-1	
100005525278	-3	-1	-1	-1	
1244924293	-2	-1	-1	
825241870	-1	-1	
100031510498	9	1	1	1	1	1	1	1	1	1	
100023005356	1	1	
286100175	-3	-1	-1	-1	
387400823	-1	-1	
1311129080	-1	-1	
1304724405	-1	-1	
1309825183	-1	-1	
1248131382	-1	-1	
112630966	4	1	1	1	1	
184706249	-1	-1	
216431237	-1	-1	
1288927801	-1	-1	
1307853524	-1	-1	
1303901598	-1	-1	
512204232	-1	-1	
1289201047	-1	-1	
1276134383	-1	-1	
1219915715	-1	-1	
100009818187	2	1	1	
1166517993	-1	-1	
1333249130	-1	-1	
1239412073	-1	-1	
389818777	-1	-1	
1252834486	-1	-1	
1311423641	-1	-1	
1302018910	-1	-1	
1280421801	-1	-1	
205521539	-1	-1	
1227934278	-1	-1	
351725728	-1	-1	
1287609451	-1	-1	
191806844	-1	-1	
1334520894	-1	-1	
1334520896	-2	-1	-1	
1265113721	-1	-1	
1215527472	-1	-1	
114829273	4	1	1	1	1	
1331244602	-1	-1	
1245011153	-1	-1	
1295939373	-1	-1	
1331244605	-1	-1	
1331244604	-1	-1	
1232139580	-1	-1	
1321037120	-1	-1	
1289727184	-1	-1	
100031121898	15	1	1	1	1	1	1	1	1	1	1	1	1	1	1	1	
1271021668	-1	-1	
1191835231	-1	-1	
100014712435	-1	-1	
918935769	-1	-1	
778705263	-1	-1	
100019119321	-1	-1	
24707470	-11	-1	-1	-1	-1	-1	-1	-1	-1	-1	-1	-1	
1300143680	-1	-1	
137139535	-1	-1	
1287521702	-1	-1	
1226700569	-1	-1	
1313328735	-1	-1	
718207483	-1	-1	
1214244293	-1	-1	
387330423	-1	-1	
1279412369	-1	-1	
100003001279	2	1	1	
1308809227	-1	-1	
1330216704	-1	-1	
1334748074	-1	-1	
1302533201	-1	-1	
23426040	-1	-1	
387330427	11	1	1	1	1	1	1	1	1	1	1	1	
100016103472	1	1	
1331517763	-1	-1	
458529466	-1	-1	
403723590	-1	-1	
1322021466	-1	-1	
100032716042	-1	-1	
829109664	-1	-1	
91800684	-1	-1	
91800683	-1	-1	
307826093	-1	-1	
1324525839	-1	-1	
36027493	-1	-1	
1331801227	-1	-1	
1225235084	-1	-1	
78405306	-1	-1	
1280927466	-1	-1	
100007410413	-1	-1	
1204405296	-1	-1	
931116481	-1	-1	
100014904489	2	1	1	
1307217261	-2	-1	-1	
51439277	-1	-1	
9511767	-1	-1	
1300200740	-1	-1	
1265312975	-1	-1	
1264806712	-1	-1	
1315027273	-1	-1	
389717230	-1	-1	
1287619615	-1	-1	
982008677	-1	-1	
1225440934	-1	-1	
42903646	-1	-1	
1285924403	-1	-1	
1308635000	-1	-1	
59937346	-1	-1	
81323913	-1	-1	
959718931	-1	-1	
1292451162	-1	-1	
100006823184	5	1	1	1	1	1	
1309331477	-1	-1	
1280729628	-2	-1	-1	
1041929363	-1	-1	
1306520094	-1	-1	
1317907714	-1	-1	
217013925	-1	-1	
1294031138	-1	-1	
889121391	-1	-1	
1278441909	-1	-1	
1300200739	-1	-1	
831402495	-1	-1	
1210847718	-1	-1	
1339807728	-1	-1	
92615067	-1	-1	
1268001807	-1	-1	
1330241792	1	1	
1309743594	-1	-1	
1236200013	-1	-1	
909608215	-1	-1	
1227131761	-1	-1	
100011500483	2	1	1	
1314314827	-1	-1	
1214623414	-1	-1	
1272208975	-1	-1	
100008703800	1	1	
133414804	-1	-1	
1280742622	-2	-1	-1	
1228701559	-1	-1	
1290203306	-1	-1	
1254037816	-1	-1	
187231264	-1	-1	
1303230084	-1	-1	
1282600204	-1	-1	
1286307940	-1	-1	
1273612125	-1	-1	
1224019503	-1	-1	
1321809361	-1	-1	
1330820585	-1	-1	
1327446030	-1	-1	
100002301237	-2	-1	-1	
1318626826	-2	-1	-1	
100002301240	2	1	1	
1326529015	-1	-1	
1270935259	-1	-1	
1309709697	-1	-1	
964307949	-1	-1	
278507585	-1	-1	
1294006944	-1	-1	
1290926841	-1	-1	
96432102	-2	-1	-1	
1320232932	-1	-1	
927612396	-1	-1	
100006116875	-1	-1	
1330820590	-1	-1	
1289107898	-1	-1	
1293621653	-1	-1	
1289129210	-1	-1	
1294207097	-1	-1	
199222638	-1	-1	
1269611666	-1	-1	
123028564	-1	-1	
1297105464	-1	-1	
1242308721	-1	-1	
25219704	-1	-1	
186926812	-1	-1	
1224021801	-1	-1	
100030708835	1	1	
1241033256	-1	-1	
119906856	-1	-1	
1237524688	-1	-1	
1309007032	-1	-1	
444217539	-1	-1	
1098717547	-1	-1	
388518246	-1	-1	
775312724	-1	-1	
151225952	-1	-1	
176110341	-2	-1	-1	
1210614339	-1	-1	
1279012269	-1	-1	
1254510214	-1	-1	
1233535181	-1	-1	
100003420549	-1	-1	
1143906477	-1	-1	
100020501841	8	1	1	1	1	1	1	1	1	
1232038887	-3	-1	-1	-1	
1310325305	-1	-1	
100030110498	4	1	1	1	1	
1084514868	-1	-1	
1329205510	-1	-1	
1261134493	-1	-1	
452813950	6	1	1	1	1	1	1	
1240822925	-1	-1	
1302233302	-1	-1	
981812275	-1	-1	
42903610	-1	-1	
1288912765	-1	-1	
36914635	-1	-1	
1298513889	-1	-1	
21616612	-1	-1	
1254708460	-1	-1	
1308013944	-1	-1	
112630928	3	1	1	1	
100032913486	-1	-1	
204620623	-1	-1	
42903613	-1	-1	
1224924584	-1	-1	
953637922	-1	-1	
1265322306	-1	-1	
1264832269	-1	-1	
1327329253	-1	-1	
100011011661	10	1	1	1	1	1	1	1	1	1	1	
1221540118	-1	-1	
334006369	-1	-1	
1230903363	-1	-1	
1308426481	-1	-1	
1309629979	-1	-1	
1321708595	-1	-1	
410519438	-3	-1	-1	-1	
1337746584	-1	-1	
205013508	-1	-1	
14015268	-1	-1	
1277704081	-1	-1	
1276828495	-1	-1	
1323332739	-1	-1	
410519439	-4	-1	-1	-1	-1	
1308426473	-1	-1	
1273609451	-1	-1	
1303104365	-1	-1	
410519422	-1	-1	
410519427	-2	-1	-1	
648245131	-1	-1	
1334520908	-1	-1	
1337933700	-1	-1	
100008204758	1	1	
1219234971	-1	-1	
1327910300	-1	-1	
125406937	-1	-1	
1334520903	-1	-1	
1268901411	-1	-1	
1305907405	-1	-1	
10631759	-4	-1	-1	-1	-1	
1334520906	-1	-1	
1246335661	-1	-1	
410519429	-1	-1	
478630486	-1	-1	
1284334277	-1	-1	
20511695	-1	-1	
1085814466	-1	-1	
805730166	-1	-1	
1234912468	-1	-1	
1334548498	-1	-1	
1281218447	-1	-1	
382422142	-1	-1	
134306707	-1	-1	
395426789	-1	-1	
758025069	-1	-1	
1276911999	-3	-1	-1	-1	
1295704208	-1	-1	
100019517725	-1	-1	
1308426458	-1	-1	
855625457	-1	-1	
1280421785	-1	-1	
252419623	-1	-1	
1246335694	-1	-1	
1307448878	-1	-1	
74735759	2	1	1	
1311653187	-1	-1	
651012040	-1	-1	
1243808180	-1	-1	
70314409	-1	-1	
180403197	-1	-1	
1301249811	-1	-1	
85311235	-1	-1	
37513905	-1	-1	
282933067	-1	-1	
33225767	-1	-1	
1206400177	1	1	
100008203447	2	1	1	
1269905785	-1	-1	
100006217628	-1	-1	
1120710871	-1	-1	
100003301192	4	1	1	1	1	
39417706	-1	-1	
285421155	-1	-1	
274515768	-1	-1	
1276911998	-1	-1	
1268121798	-1	-1	
1300425794	-1	-1	
1276911996	-2	-1	-1	
1211834388	-1	-1	
1237103650	-1	-1	
1225836094	-2	-1	-1	
1290613689	-1	-1	
1318919629	-1	-1	
1266105084	-1	-1	
1262301804	-1	-1	
100014501303	-1	-1	
1288827668	-1	-1	
32309341	-1	-1	
1272228603	-1	-1	
1227026946	-1	-1	
110327896	-1	-1	
1319004792	-1	-1	
1307935022	-1	-1	
1263222302	-1	-1	
1257415167	-1	-1	
1233201847	-1	-1	
128531679	-1	-1	
1241115556	-1	-1	
97519181	-1	-1	
100003110410	-1	-1	
1317249504	-1	-1	
166301250	-1	-1	
627808477	-1	-1	
902801642	-1	-1	
86008436	-1	-1	
100032201594	6	1	1	1	1	1	1	
586317904	-1	-1	
1247928099	-1	-1	
100008215440	-2	-1	-1	
1231117469	-1	-1	
294721047	-1	-1	
230718809	-1	-1	
1332546060	-1	-1	
1287602034	-1	-1	
1228345031	-1	-1	
1268130680	-3	-1	-1	-1	
1316208358	-5	-1	-1	-1	-1	-1	
412628118	-1	-1	
1316318920	-1	-1	
1308922535	-1	-1	
1268130684	-4	-1	-1	-1	-1	
1317132551	-1	-1	
250238677	-1	-1	
1284326678	-1	-1	
1316208359	-1	-1	
1316208360	-1	-1	
1329245690	-2	-1	-1	
1290112892	-13	-1	-1	-1	-1	-1	-1	-1	-1	-1	-1	-1	-1	-1	
1335459588	-1	-1	
1293411809	-1	-1	
502615223	-1	-1	
1286529785	-1	-1	
1298120096	-1	-1	
260110882	-1	-1	
822137274	-1	-1	
1285420419	-1	-1	
100003603697	-1	-1	
815392	3	1	1	1	
1263526725	-1	-1	
1229043253	-1	-1	
118501980	-1	-1	
1319712396	-1	-1	
1307048879	-1	-1	
815391	2	1	1	
820603657	-1	-1	
1221829575	-1	-1	
1323731594	-1	-1	
100017911952	-1	-1	
1317233193	-1	-1	
1299015119	-3	-1	-1	-1	
100031718006	-1	-1	
399228216	-1	-1	
72803080	7	1	1	1	1	1	1	1	
870623434	-2	-1	-1	
1239529148	-1	-1	
654703314	-1	-1	
1334520058	-1	-1	
1295452755	-1	-1	
1093403917	-1	-1	
68024586	-1	-1	
1326322002	-1	-1	
100003203487	-1	-1	
124724872	-1	-1	
1248341222	-1	-1	
688631032	-1	-1	
859100851	-1	-1	
199511822	-1	-1	
1309527897	-1	-1	
1333502428	-1	-1	
1212931290	-1	-1	
1264235476	-1	-1	
45533648	-1	-1	
1077915000	-1	-1	
1323517655	-2	-1	-1	
1331638153	-1	-1	
1324610943	-1	-1	
1264118738	-1	-1	
1289425485	-1	-1	
1272212211	-1	-1	
1280817825	-1	-1	
89425587	-2	-1	-1	
1339018263	-1	-1	
1305750511	-1	-1	
52734073	-1	-1	
1305340162	-1	-1	
24709210	-1	-1	
1221640482	-1	-1	
1306915658	-1	-1	
204413031	-1	-1	
1304403738	-1	-1	
1229605401	-1	-1	
100003101565	1	1	
1288819148	-1	-1	
1310319478	-1	-1	
1330232038	-1	-1	
213402446	-1	-1	
956613589	-1	-1	
1293844037	-1	-1	
100003101556	-1	-1	
1252021709	-1	-1	
38124250	1	1	
1231916469	-1	-1	
1212827043	-1	-1	
100009516500	-1	-1	
1328707086	-1	-1	
1315808200	-1	-1	
1315808201	-1	-1	
797816825	-1	-1	
1335419554	-1	-1	
153710095	-1	-1	
55402235	-1	-1	
1261119643	-1	-1	
205631133	-1	-1	
375516122	-1	-1	
39923090	-1	-1	
100004013176	-1	-1	
1270236604	-1	-1	
1261514124	-2	-1	-1	
1224117955	-1	-1	
739511842	-1	-1	
1263201449	-1	-1	
260613458	-1	-1	
1304744912	-1	-1	
402504963	-1	-1	
1310936676	-1	-1	
72205821	-1	-1	
9723278	-1	-1	
1304403744	-1	-1	
1223432752	-1	-1	
1092102813	-1	-1	
100016506630	-1	-1	
100008703774	2	1	1	
1325702649	-1	-1	
231914701	-1	-1	
1322035125	-1	-1	
1221804230	-1	-1	
730910325	-2	-1	-1	
1228739376	-1	-1	
1298142277	-1	-1	
452224948	-1	-1	
1300520211	-1	-1	
1239725268	-1	-1	
1337915030	-1	-1	
1275301266	-1	-1	
1311653134	-1	-1	
1322702203	-1	-1	
1287726171	-1	-1	
828328649	-1	-1	
1263704862	-1	-1	
1189724042	-1	-1	
1291729332	-1	-1	
93638400	-1	-1	
1270317632	-1	-1	
1338243987	-1	-1	
1294544860	-1	-1	
632416695	-1	-1	
1225805741	-1	-1	
1075037186	-1	-1	
41908637	-1	-1	
1237634238	-1	-1	
128638676	-1	-1	
1303436680	-1	-1	
100001100458	-1	-1	
100001100457	-1	-1	
1309504333	-1	-1	
448918138	-1	-1	
100000412428	-1	-1	
1331951038	-1	-1	
1252101431	-1	-1	
1284327187	-1	-1	
1292328492	-2	-1	-1	
1292333838	-1	-1	
359437229	11	1	1	1	1	1	1	1	1	1	1	1	
100022400070	8	1	1	1	1	1	1	1	1	
1313328881	-1	-1	
1280803126	-1	-1	
1236741065	-1	-1	
100008209766	1	1	
100009420444	-1	-1	
1310712253	-1	-1	
386322015	-1	-1	
1281536889	-1	-1	
1238111114	-1	-1	
1269109768	-1	-1	
198024239	-1	-1	
1210847687	-1	-1	
96509085	8	1	1	1	1	1	1	1	1	
875308729	-1	-1	
1263707264	-1	-1	
103015682	-1	-1	
1264816259	-1	-1	
807737998	-1	-1	
172632682	-1	-1	
100019302202	1	1	
5132464	-1	-1	
100022400069	2	1	1	
210918678	-1	-1	
1273332605	-1	-1	
1296507384	-1	-1	
100013905861	1	1	
47718967	1	1	
265232506	-1	-1	
1338853909	-1	-1	
90905184	-1	-1	
1278126508	-1	-1	
1264110742	-1	-1	
1292732649	-1	-1	
117938611	-1	-1	
100003417609	-1	-1	
1215527539	-2	-1	-1	
1301938488	-1	-1	
100022217073	-1	-1	
1265601394	-1	-1	
1331545956	-1	-1	
82707700	-1	-1	
538043016	-1	-1	
1316846500	-1	-1	
1263007030	-1	-1	
366733934	-1	-1	
359437230	8	1	1	1	1	1	1	1	1	
359437231	10	1	1	1	1	1	1	1	1	1	1	
100013101457	-6	-1	-1	-1	-1	-1	-1	
249734014	-1	-1	
1219101646	-1	-1	
100014219461	7	1	1	1	1	1	1	1	
219201188	-1	-1	
1237528078	-1	-1	
1327230984	-1	-1	
329306287	-1	-1	
317331908	-1	-1	
593208143	-1	-1	
100032000648	-1	-1	
1219201227	-1	-1	
1270219091	-1	-1	
27528972	-1	-1	
1300716765	-1	-1	
27823343	4	1	1	1	1	
100014019837	5	1	1	1	1	1	
1330739087	-1	-1	
1324328374	-1	-1	
1307725164	-1	-1	
1330536127	-1	-1	
573922058	-1	-1	
1328634235	-2	-1	-1	
100033109946	-1	-1	
103015655	7	1	1	1	1	1	1	1	
1303552958	-1	-1	
100019005205	-1	-1	
1317906387	-1	-1	
1301803557	-1	-1	
1262809440	-1	-1	
1277233004	-1	-1	
1319542617	-1	-1	
607110887	-1	-1	
1311623154	-1	-1	
1182411828	-1	-1	
1210307272	-1	-1	
1302323227	-1	-1	
1337833462	-1	-1	
555519709	-1	-1	
1330211177	-2	-1	-1	
39829004	-1	-1	
1327329192	-1	-1	
1225012805	-1	-1	
103015642	6	1	1	1	1	1	1	
1309905063	-1	-1	
1304904594	-1	-1	
1328655169	-1	-1	
1307141672	-1	-1	
1309655278	-1	-1	
295603726	-1	-1	
952232494	-1	-1	
1322109239	-1	-1	
100009223072	-1	-1	
116812803	-1	-1	
1289100286	-1	-1	
330206539	-1	-1	
1306121162	-1	-1	
1210808022	-1	-1	
1260041676	-1	-1	
1283924602	-1	-1	
100019618275	-1	-1	
233931723	-1	-1	
100019918333	-1	-1	
1231119171	-1	-1	
1217537202	-1	-1	
1277234315	-1	-1	
100002500521	-1	-1	
928710800	-1	-1	
187038928	-1	-1	
803508190	-1	-1	
1239704410	-1	-1	
100017017763	-1	-1	
1274837052	-2	-1	-1	
1306449665	-1	-1	
1290121905	-1	-1	
1237429310	-1	-1	
1248508337	-1	-1	
3007351	4	1	1	1	1	
794009943	-1	-1	
829406556	-1	-1	
319411181	-1	-1	
1275803297	-2	-1	-1	
1218407844	-1	-1	
16422015	-1	-1	
100016814222	-1	-1	
1291229033	-1	-1	
1291229034	-1	-1	
1051738588	-1	-1	
151223469	-1	-1	
1317218510	-1	-1	
1280903369	-1	-1	
108612152	-1	-1	
1266703225	-1	-1	
1323507275	-1	-1	
54803024	-1	-1	
54803023	-2	-1	-1	
100001107830	-4	-1	-1	-1	-1	
1315229594	-1	-1	
100003501483	-7	-1	-1	-1	-1	-1	-1	-1	
1215019575	-1	-1	
100003501481	11	1	1	1	1	1	1	1	1	1	1	1	
1286246566	-1	-1	
1291826584	-1	-1	
97641230	-1	-1	
1228023057	-1	-1	
100030313915	4	1	1	1	1	
1321122201	-1	-1	
536637279	1	1	
100016217550	-1	-1	
1294019392	-1	-1	
1283100675	-1	-1	
1307420435	-1	-1	
352428800	-1	-1	
1283201396	-1	-1	
357411869	-1	-1	
1333403567	-1	-1	
100013822197	3	1	1	1	
1276900221	-1	-1	
56742063	-1	-1	
1307141625	-1	-1	
1312021477	-1	-1	
1242426930	-1	-1	
1251519036	-1	-1	
1335802806	-1	-1	
1260824311	-1	-1	
251708902	11	1	1	1	1	1	1	1	1	1	1	1	
1295807405	-1	-1	
340124840	-2	-1	-1	
1261416487	-1	-1	
1302228046	-1	-1	
1288838144	-1	-1	
1310721147	-1	-1	
574431083	-1	-1	
1249030361	-1	-1	
648234610	-1	-1	
1264740556	-1	-1	
185408020	-1	-1	
415016935	-1	-1	
1298533555	-1	-1	
1323208654	-1	-1	
386225081	-1	-1	
1221308435	-1	-1	
153231381	-1	-1	
1210122596	-1	-1	
139820514	-1	-1	
1276109250	-1	-1	
797035782	-1	-1	
1269902556	-1	-1	
1228440290	-1	-1	
1297328403	-1	-1	
1328448557	-1	-1	
1299744585	-1	-1	
276825607	-1	-1	
66204130	-1	-1	
1245802361	-1	-1	
1220308492	-1	-1	
13314622	-1	-1	
100032415886	-1	-1	
100016006145	-1	-1	
1304525306	-1	-1	
197316619	-1	-1	
1306324106	-1	-1	
894515482	14	1	1	1	1	1	1	1	1	1	1	1	1	1	1	
1298931647	-1	-1	
1272109124	-1	-1	
1171520631	-1	-1	
752305624	-1	-1	
752305623	-1	-1	
638041195	-1	-1	
1248837335	-1	-1	
1311036926	-1	-1	
756721795	-3	-1	-1	-1	
360733266	-1	-1	
1285444667	-1	-1	
1265533518	-1	-1	
1310324134	-1	-1	
1256314761	-1	-1	
254201429	-1	-1	
1272720979	-1	-1	
1329040301	-1	-1	
100016721997	-1	-1	
469431354	-1	-1	
82916539	-1	-1	
1339117225	-1	-1	
430433950	-1	-1	
1272831279	-1	-1	
1280645566	-1	-1	
82930808	-1	-1	
890928641	-1	-1	
133414963	-1	-1	
1337723166	-1	-1	
1308700728	-1	-1	
123036291	-1	-1	
100013602252	8	1	1	1	1	1	1	1	1	
654022645	-1	-1	
1316138728	-1	-1	
1290141573	-1	-1	
1322533649	-1	-1	
1279026782	-1	-1	
1255812478	-1	-1	
83404608	-1	-1	
1326103933	-1	-1	
877215286	-1	-1	
74732707	-1	-1	
1289336005	-1	-1	
1220308489	-1	-1	
82707741	-1	-1	
1314919525	-1	-1	
1297643937	-1	-1	
1215007550	-1	-1	
213607858	-2	-1	-1	
655309169	-1	-1	
1298326531	-1	-1	
1297444962	-1	-1	
1324648870	-1	-1	
718903126	-1	-1	
82930800	-1	-1	
1296417387	-1	-1	
100030017014	2	1	1	
1211409120	-1	-1	
364027570	-1	-1	
1300252106	-1	-1	
1314339980	-1	-1	
1212300591	-1	-1	
100033710661	-1	-1	
3310150	-1	-1	
1331925664	-1	-1	
1216101599	-1	-1	
100015404664	1	1	
1227529528	-1	-1	
152725418	-1	-1	
294024162	-1	-1	
217336392	1	1	
1121406878	-1	-1	
499806920	-1	-1	
420101166	-1	-1	
250319859	-2	-1	-1	
182727682	-1	-1	
24620015	-1	-1	
442317949	-1	-1	
100004805856	-1	-1	
1278402141	-1	-1	
671505725	-1	-1	
1330820600	-1	-1	
1315417084	-1	-1	
1287604527	-1	-1	
1272619705	-1	-1	
484402593	-1	-1	
1248527576	-1	-1	
1232707588	-1	-1	
838702000	-2	-1	-1	
1329534818	-1	-1	
1322715677	-1	-1	
1321643512	-1	-1	
668916212	-1	-1	
1244110979	-1	-1	
987004938	-1	-1	
1228407649	-1	-1	
97112460	-1	-1	
153514962	-1	-1	
1336028174	-1	-1	
100033001501	6	1	1	1	1	1	1	
1315249253	-1	-1	
1245603380	-1	-1	
107338339	-1	-1	
1241438985	-1	-1	
1301553008	-1	-1	
1265920462	-1	-1	
100018422826	1	1	
1337021178	-1	-1	
1335031713	-1	-1	
1098506206	-1	-1	
1286628099	-1	-1	
262934867	-1	-1	
244829125	-1	-1	
325214223	-1	-1	
1265920459	-1	-1	
1265920458	-1	-1	
1224907957	-1	-1	
1319404172	-1	-1	
1303533853	-1	-1	
1319844886	-1	-1	
1219425553	-1	-1	
1232523393	-1	-1	
1272734621	-1	-1	
1323240737	-1	-1	
66911821	-1	-1	
1234004293	-1	-1	
216013211	-1	-1	
1324309145	-1	-1	
1226212287	-1	-1	
84413512	-1	-1	
1246402117	-1	-1	
1224033768	-1	-1	
1297002153	-1	-1	
36001511	-2	-1	-1	
230015664	-1	-1	
1222307048	-1	-1	
240503893	-1	-1	
127411166	-1	-1	
1310650395	-1	-1	
15020473	7	1	1	1	1	1	1	1	
1300609947	-1	-1	
899600579	-1	-1	
15020471	-3	-1	-1	-1	
1332723126	-1	-1	
405441051	-1	-1	
246405493	-1	-1	
1311036894	-1	-1	
100012319163	-1	-1	
191819252	-1	-1	
190636316	-2	-1	-1	
1211514634	-1	-1	
1221637778	-1	-1	
42430908	1	1	
1245501382	-1	-1	
100021600470	3	1	1	1	
1301746150	-1	-1	
100032502725	-1	-1	
190636317	-1	-1	
1327947514	-1	-1	
1220505208	-1	-1	
2107925	-1	-1	
1286105531	-1	-1	
62130680	-1	-1	
1308015626	-1	-1	
1306838263	-2	-1	-1	
100031218664	-1	-1	
100000908676	-1	-1	
1305001462	-14	-1	-1	-1	-1	-1	-1	-1	-1	-1	-1	-1	-1	-1	-1	
1336316675	-1	-1	
1339139430	-1	-1	
1282412702	-1	-1	
130324607	-1	-1	
1245307624	-1	-1	
1231932430	-1	-1	
100015609368	2	1	1	
1315134431	-1	-1	
190636308	-1	-1	
1323340460	-1	-1	
1301444802	-1	-1	
1074205163	-1	-1	
140201285	-1	-1	
92616360	-1	-1	
1226940997	-1	-1	
1275220979	-1	-1	
1215310815	-1	-1	
89524301	3	1	1	1	
1311153533	-1	-1	
100019517645	-1	-1	
41324155	-1	-1	
1284839540	-1	-1	
100030806351	1	1	
1052202793	-1	-1	
1238017972	-1	-1	
1270002825	-1	-1	
1331432475	-1	-1	
439316721	-1	-1	
1295224206	-1	-1	
1307407384	-1	-1	
1322035071	-1	-1	
100006204490	-1	-1	
1314600100	-1	-1	
1297426360	-1	-1	
1309330010	-1	-1	
1242605542	-1	-1	
35307710	-1	-1	
292621192	-1	-1	
1218617820	-1	-1	
1229521275	-1	-1	
1273702211	-1	-1	
811900	8	1	1	1	1	1	1	1	1	
811902	1	1	
811901	6	1	1	1	1	1	1	
1273121751	-1	-1	
1277408787	-1	-1	
1263314171	-1	-1	
1304830329	-1	-1	
826410967	-1	-1	
554911208	-1	-1	
1257001327	-1	-1	
1225932938	-1	-1	
341906179	-1	-1	
100020801600	2	1	1	
1310015155	-1	-1	
1314003526	-1	-1	
91330188	-1	-1	
1338907361	-1	-1	
1194308483	-1	-1	
1068810658	-1	-1	
496129841	-1	-1	
1305544992	-1	-1	
1325339845	-1	-1	
1247434569	-1	-1	
1311624566	-1	-1	
969812727	-1	-1	
100006121214	-1	-1	
1252117059	-1	-1	
913102565	-1	-1	
1305544988	-1	-1	
29306091	-1	-1	
593020408	-1	-1	
1288603233	-3	-1	-1	-1	
503919361	-1	-1	
419617076	-1	-1	
1279521433	-1	-1	
1297721924	-1	-1	
38528087	-1	-1	
379529508	7	1	1	1	1	1	1	1	
1261620038	-1	-1	
350012605	-1	-1	
500233040	-2	-1	-1	
1334946935	-1	-1	
1103312387	-1	-1	
737022301	-1	-1	
1293141911	-1	-1	
814434685	-1	-1	
401933728	-1	-1	
907613276	-1	-1	
964616811	-1	-1	
1196602754	-1	-1	
1337847228	-1	-1	
1240105617	-1	-1	
1262318577	-1	-1	
1263903998	-1	-1	
36113265	-1	-1	
1325745882	-1	-1	
386318816	-1	-1	
1287218970	-1	-1	
1233217431	-1	-1	
1325803359	-1	-1	
1305504025	-1	-1	
100002122557	-1	-1	
100015704645	4	1	1	1	1	
1249027655	-1	-1	
100002122558	-1	-1	
1261920030	-1	-1	
100008622850	-1	-1	
1234906529	-1	-1	
1325024751	-1	-1	
1321716981	-1	-1	
1287519499	-1	-1	
782608752	-1	-1	
1267611923	-2	-1	-1	
1088310948	-1	-1	
1309910493	-1	-1	
100032704814	2	1	1	
100015401509	5	1	1	1	1	1	
95744925	-1	-1	
1214227925	-1	-1	
1339528051	-1	-1	
1216222673	-1	-1	
107331710	-1	-1	
1236519203	-1	-1	
107331711	-1	-1	
1315013335	-1	-1	
100017017708	-1	-1	
15605391	-1	-1	
650234080	-1	-1	
1249317491	-1	-1	
1290933819	-1	-1	
1325044356	-1	-1	
1236820266	-1	-1	
1332943889	-1	-1	
878025684	-1	-1	
207936576	-1	-1	
1337045982	-1	-1	
973624313	-1	-1	
1261039849	-1	-1	
442306432	-1	-1	
311401390	-1	-1	
1311628096	-1	-1	
1332137229	-1	-1	
100030221475	-1	-1	
1297821697	-1	-1	
879522067	-1	-1	
14809624	-1	-1	
1276407418	-5	-1	-1	-1	-1	-1	
1327627482	-1	-1	
129427118	-1	-1	
1213844907	-1	-1	
1277309060	-1	-1	
1337811272	-1	-1	
1302729657	-1	-1	
100022307861	-1	-1	
59242099	-1	-1	
1294027037	-1	-1	
1304647736	-1	-1	
1336510346	-2	-1	-1	
200705146	-1	-1	
1313203896	-1	-1	
1245100790	-1	-1	
553805232	-1	-1	
1318421559	-1	-1	
1222118742	-1	-1	
1265735669	-1	-1	
182022681	-1	-1	
1336028192	-1	-1	
100014722050	4	1	1	1	1	
1336028193	-1	-1	
1292231854	-1	-1	
258704455	-1	-1	
100030008199	1	1	
1271808954	-1	-1	
690717511	-1	-1	
63702470	-1	-1	
601129982	-1	-1	
100030917119	1	1	
112326399	-1	-1	
501636053	-1	-1	
100017419303	11	1	1	1	1	1	1	1	1	1	1	1	
1213005831	-1	-1	
166319149	-1	-1	
1298419926	-1	-1	
97509628	-1	-1	
1245701114	-1	-1	
28509556	-1	-1	
480000585	-1	-1	
28509554	-1	-1	
1243917082	-1	-1	
946342067	-1	-1	
100017613680	-1	-1	
1318845851	-1	-1	
1257202034	-1	-1	
1309734482	-1	-1	
1222340534	-1	-1	
1234927257	-1	-1	
100000206884	-1	-1	
1219706561	-1	-1	
100030917120	1	1	
1339705999	-1	-1	
1284201285	-1	-1	
1305750355	-1	-1	
1328716519	-1	-1	
1220928967	-1	-1	
886513351	-1	-1	
235070	-1	-1	
1292533392	-1	-1	
1274816627	-1	-1	
1293210673	-1	-1	
224112642	-3	-1	-1	-1	
1248120436	-1	-1	
1226414668	-1	-1	
1213518211	-1	-1	
35719399	-1	-1	
1313736272	-1	-1	
821002244	-1	-1	
1266001123	-1	-1	
94403745	-2	-1	-1	
1229942126	-2	-1	-1	
1255903270	-1	-1	
100000712637	-1	-1	
100017016599	-2	-1	-1	
100003401158	12	1	1	1	1	1	1	1	1	1	1	1	1	
391524038	-1	-1	
1216913849	-1	-1	
1328229070	-1	-1	
488404555	-1	-1	
39913420	-1	-1	
100010200146	2	1	1	
1297526649	-1	-1	
1283925848	-1	-1	
319507691	-2	-1	-1	
319507690	-2	-1	-1	
319507693	-1	-1	
319507692	1	1	
1300615306	-1	-1	
1066608067	-1	-1	
1269912660	-1	-1	
1330328327	-1	-1	
1248541022	-1	-1	
1247837015	-1	-1	
100021000669	2	1	1	
999702666	-1	-1	
1332225985	-1	-1	
1246401974	-1	-1	
100015321744	2	1	1	
1225302169	-1	-1	
100011011034	1	1	
204112026	-1	-1	
1248534723	-1	-1	
319507695	-5	-1	-1	-1	-1	-1	
319507694	-4	-1	-1	-1	-1	
1310133972	-1	-1	
1288349262	-1	-1	
100021321899	-1	-1	
204914088	-1	-1	
223211770	-2	-1	-1	
100014812052	-1	-1	
811826173	3	1	1	1	
1211842585	-1	-1	
932408793	-1	-1	
1232429830	-1	-1	
1328608218	-1	-1	
1322145057	-1	-1	
1331506894	-1	-1	
1326431732	-1	-1	
319507688	-1	-1	
1215805738	-1	-1	
319507687	-3	-1	-1	-1	
319507683	6	1	1	1	1	1	1	
899600913	-1	-1	
1057200420	-1	-1	
100010413933	10	1	1	1	1	1	1	1	1	1	1	
947826155	-1	-1	
1245429638	-1	-1	
1211014269	-1	-1	
1260814833	-1	-1	
1265012851	-1	-1	
1184845726	-1	-1	
1269417540	-1	-1	
1275209148	-1	-1	
187230139	-1	-1	
5019798	-1	-1	
883005451	-1	-1	
1284537506	-1	-1	
318206670	-1	-1	
100009422722	1	1	
1290916870	-1	-1	
111610029	-1	-1	
1284231924	-1	-1	
1306709173	-1	-1	
100010812327	1	1	
1225628253	-1	-1	
797224122	-1	-1	
1229718862	-1	-1	
1275128007	-1	-1	
1237642019	-1	-1	
929936583	-1	-1	
243823648	-1	-1	
1216903615	-1	-1	
1329150936	-1	-1	
100005914033	-1	-1	
14913243	-1	-1	
1313637733	-1	-1	
1215308876	-1	-1	
1337544162	-1	-1	
1339603952	-1	-1	
1246919175	-1	-1	
1262302112	-1	-1	
1331639183	-1	-1	
1312122910	-1	-1	
5218051	1	1	
1323752654	-1	-1	
100008823480	1	1	
237518224	-1	-1	
1323752652	-1	-1	
100008823482	3	1	1	1	
238528360	-1	-1	
100022417467	-1	-1	
114800660	-1	-1	
1309823123	-1	-1	
212230399	-1	-1	
1294539622	-1	-1	
1283924584	-1	-1	
430712776	-1	-1	
800421073	-1	-1	
1254505953	-2	-1	-1	
100003119424	-1	-1	
100011424055	-1	-1	
1320335225	-1	-1	
1304215815	-1	-1	
1227839006	-1	-1	
260612716	-1	-1	
279715269	-1	-1	
1302242435	-1	-1	
1286033360	-1	-1	
1303607674	-1	-1	
806443996	-1	-1	
1312218293	-1	-1	
92015146	-1	-1	
92015147	-1	-1	
37222234	1	1	
1316215374	-1	-1	
342304052	-1	-1	
1223328695	-1	-1	
1327144103	-1	-1	
1213601692	-1	-1	
1305514649	-1	-1	
133104061	-1	-1	
114202262	-1	-1	
1241908004	-1	-1	
1301942222	-1	-1	
1271144333	-1	-1	
1299038818	-1	-1	
1213905880	-1	-1	
1302623806	-1	-1	
1278537035	-1	-1	
1289935916	-1	-1	
30321596	-1	-1	
1326046296	-1	-1	
1305044540	-1	-1	
1282532616	-1	-1	
948737788	-1	-1	
10222819	-1	-1	
1307118975	-1	-1	
10222818	-1	-1	
1216739121	-1	-1	
1339017500	-1	-1	
1322811274	-1	-1	
293119394	-1	-1	
1219938664	-1	-1	
105326412	3	1	1	1	
1223729662	-1	-1	
63722948	-1	-1	
1316352156	-1	-1	
1276012164	-1	-1	
1256208334	-1	-1	
1300601946	-1	-1	
301202251	-1	-1	
1221038574	-1	-1	
1221321983	-1	-1	
1218805285	-1	-1	
1244117987	-1	-1	
1216326918	-1	-1	
100022019514	12	1	1	1	1	1	1	1	1	1	1	1	1	
1309304988	-1	-1	
1242514456	-1	-1	
1339703316	-1	-1	
1314105637	-1	-1	
647430547	-1	-1	
100019706472	9	1	1	1	1	1	1	1	1	1	
1336641030	-1	-1	
1264110251	-1	-1	
44013694	-1	-1	
1219400128	-2	-1	-1	
100003907227	-1	-1	
58428898	-1	-1	
1309638647	-1	-1	
100022219954	-6	-1	-1	-1	-1	-1	-1	
100022219952	-1	-1	
1258331044	-3	-1	-1	-1	
1232305698	-1	-1	
1315008300	-1	-1	
1256416440	-1	-1	
259616551	-1	-1	
1220633107	-1	-1	
1222705463	-1	-1	
658311300	-1	-1	
1225213449	-1	-1	
1221603644	-2	-1	-1	
1301535372	-1	-1	
100004625077	-3	-1	-1	-1	
1232633547	-1	-1	
1336631698	-1	-1	
260235753	-1	-1	
1298036708	-1	-1	
657237392	-1	-1	
99221555	-1	-1	
1217217608	-1	-1	
1217217607	-1	-1	
1214113502	-1	-1	
1217217601	-1	-1	
1266041211	-1	-1	
1221743915	-1	-1	
1316227357	-1	-1	
1270731402	-1	-1	
102324352	-1	-1	
100018100690	-1	-1	
1274843448	-1	-1	
1285139020	-1	-1	
100022219968	-1	-1	
100020117916	-1	-1	
828321335	-1	-1	
1278738776	-1	-1	
1297241140	-1	-1	
99221565	-1	-1	
1239008079	-1	-1	
508125932	-1	-1	
252435952	-1	-1	
1282608369	-1	-1	
985103777	-1	-1	
100031046	-1	-1	
1266110260	-1	-1	
433823261	-1	-1	
348232071	-1	-1	
100019613782	-1	-1	
1301819605	-1	-1	
1229003793	-1	-1	
100031008863	1	1	
1258331040	-5	-1	-1	-1	-1	-1	
100031817197	2	1	1	
57602043	-1	-1	
1258331034	-7	-1	-1	-1	-1	-1	-1	-1	
1258331037	-1	-1	
100031817199	6	1	1	1	1	1	1	
44713679	-1	-1	
1256416450	-1	-1	
1258331039	-1	-1	
666506673	-1	-1	
95332686	-1	-1	
1323557491	-1	-1	
1231819870	-1	-1	
495817578	-1	-1	
1261922130	-1	-1	
20432666	-1	-1	
100013601543	25	1	1	1	1	1	1	1	1	1	1	1	1	1	1	1	1	1	1	1	1	1	1	1	1	1	
1246034277	-1	-1	
684436616	-1	-1	
100032215953	-1	-1	
1263702022	-1	-1	
710427317	-1	-1	
95928425	-1	-1	
100013306923	-1	-1	
1293903882	-1	-1	
1293926524	-1	-1	
1223108688	-1	-1	
100017617247	1	1	
1315820181	-1	-1	
1329430846	-1	-1	
862817630	-1	-1	
382724534	-2	-1	-1	
1241222832	-1	-1	
100009310590	-1	-1	
133414679	-1	-1	
1283139878	-1	-1	
124523230	-1	-1	
839305011	-1	-1	
1250211357	-1	-1	
124523232	-1	-1	
1257910433	-1	-1	
238015027	-1	-1	
100033101362	2	1	1	
1228715581	-1	-1	
377326661	-1	-1	
1245525424	-1	-1	
73434824	-1	-1	
1246731194	-1	-1	
1267517689	7	1	1	1	1	1	1	1	
1307803516	-1	-1	
100031124264	-1	-1	
1250924603	-1	-1	
497323423	-2	-1	-1	
1336918934	-1	-1	
1246022269	-1	-1	
100020307331	-1	-1	
1252016536	-1	-1	
1229707362	-1	-1	
731130661	-2	-1	-1	
100019607889	-1	-1	
1308851321	-1	-1	
1221603663	-2	-1	-1	
1315104948	-1	-1	
1292530216	-1	-1	
1211611802	-1	-1	
1282145423	-1	-1	
1324806742	-1	-1	
11620279	-1	-1	
100007118342	1	1	
1321242789	-1	-1	
1315845433	-2	-1	-1	
100010319081	-1	-1	
82916557	13	1	1	1	1	1	1	1	1	1	1	1	1	1	
82916556	26	1	1	1	1	1	1	1	1	1	1	1	1	1	1	1	1	1	1	1	1	1	1	1	1	1	1	
1223108697	-3	-1	-1	-1	
1260336202	-1	-1	
1326631467	-1	-1	
100018908332	-1	-1	
95332642	-1	-1	
432103722	-1	-1	
1260109850	-1	-1	
230916074	-1	-1	
1211536311	-1	-1	
310231671	-1	-1	
101921962	-1	-1	
1274712901	-1	-1	
1279132211	-1	-1	
126805010	-1	-1	
1338623230	-1	-1	
1221321958	-1	-1	
119334588	-2	-1	-1	
1221131224	-1	-1	
1254814266	-1	-1	
338000526	-1	-1	
1280434426	-1	-1	
100001612163	-1	-1	
124835693	-1	-1	
100033218325	-1	-1	
643108223	-1	-1	
284832649	-1	-1	
466602526	-1	-1	
356418473	-1	-1	
44013710	-1	-1	
1330850186	-1	-1	
64714746	-1	-1	
1276036094	-1	-1	
212120656	-1	-1	
1282145437	-1	-1	
788113606	-1	-1	
1298511055	-1	-1	
752623529	-1	-1	
1281939551	5	1	1	1	1	1	
73728402	-1	-1	
82916586	-4	-1	-1	-1	-1	
1247112680	-1	-1	
1012101645	-1	-1	
1324100164	5	1	1	1	1	1	
1301017510	-2	-1	-1	
1092319918	-2	-1	-1	
1234603732	-1	-1	
1303439563	-1	-1	
1318825312	-1	-1	
440534019	5	1	1	1	1	1	
1326920960	-1	-1	
1310021766	-1	-1	
1303726650	-1	-1	
1153132699	-1	-1	
100018912469	2	1	1	
244101771	-1	-1	
119300338	-1	-1	
1231900778	-1	-1	
74040503	-1	-1	
804030955	-1	-1	
1274040141	-1	-1	
1323938732	-1	-1	
1260113080	-1	-1	
1308301165	-1	-1	
100019615448	-1	-1	
174107236	-1	-1	
1218400658	-1	-1	
109035180	-1	-1	
711812661	-1	-1	
1312942257	-1	-1	
1321929809	-1	-1	
1307759777	-1	-1	
321804826	-1	-1	
1295648957	-1	-1	
100012111461	3	1	1	1	
1263318894	-1	-1	
1330212696	-1	-1	
307506371	-1	-1	
100016503785	-2	-1	-1	
1248738875	-1	-1	
1232523896	-1	-1	
1338007139	-1	-1	
101521987	-1	-1	
100003204576	2	1	1	
100033311218	-1	-1	
749621041	-1	-1	
1089702155	-1	-1	
1236428729	-1	-1	
1309830212	-1	-1	
1306746015	-1	-1	
240232896	-1	-1	
252938638	-1	-1	
1277412933	-1	-1	
1274232018	-1	-1	
274623963	-1	-1	
1260031608	-1	-1	
763339300	-1	-1	
1214608833	-1	-1	
6914432	-1	-1	
1303940423	-1	-1	
1336822061	-1	-1	
1324429441	-1	-1	
912439350	-1	-1	
1268125098	-1	-1	
1276408677	-1	-1	
1073000726	-1	-1	
1221839101	-1	-1	
432912159	-1	-1	
73409028	-1	-1	
485611441	-1	-1	
1310643798	-1	-1	
73409027	8	1	1	1	1	1	1	1	1	
868828246	-1	-1	
1239218414	-1	-1	
1311339058	-1	-1	
342117216	7	1	1	1	1	1	1	1	
342117217	3	1	1	1	
100000308063	-1	-1	
1240816858	-1	-1	
932830482	-1	-1	
1318522028	-1	-1	
280613830	-1	-1	
1337103980	-1	-1	
776807787	-1	-1	
1327411982	-1	-1	
303406851	-1	-1	
1297505694	-1	-1	
55126811	-1	-1	
355909628	-1	-1	
1289530531	-1	-1	
100011216899	-1	-1	
1318511365	-1	-1	
1258305648	-1	-1	
100011800527	-1	-1	
1290821126	-4	-1	-1	-1	-1	
521334541	-1	-1	
1320602955	-1	-1	
1310133861	-1	-1	
1260935636	-1	-1	
1223515510	-1	-1	
1249514191	-1	-1	
1262737326	-1	-1	
1325012655	-1	-1	
1277408866	-1	-1	
1295704024	-1	-1	
1331722583	-1	-1	
1334255988	-1	-1	
34612169	-1	-1	
100022922772	-1	-1	
1289323752	-1	-1	
1211703521	-1	-1	
624022220	-1	-1	
100022904940	5	1	1	1	1	1	
985825064	7	1	1	1	1	1	1	1	
271200281	-1	-1	
1308110878	-1	-1	
70626094	-3	-1	-1	-1	
1316120544	-1	-1	
373305143	-1	-1	
1338950456	-1	-1	
1315237712	-1	-1	
1294802601	-1	-1	
1278828800	-1	-1	
1244007521	-1	-1	
1267908493	-1	-1	
127316852	-1	-1	
1270946608	-1	-1	
695418937	-1	-1	
518314869	-1	-1	
1333851879	-1	-1	
100010305264	1	1	
1321130669	-1	-1	
1336510486	-1	-1	
38430503	-1	-1	
1230700854	-1	-1	
82709385	-1	-1	
1190728304	-1	-1	
1276617670	-1	-1	
1229613215	-1	-1	
522833375	-2	-1	-1	
22330740	-1	-1	
1302029315	-1	-1	
1059000999	-1	-1	
922436559	-1	-1	
1299119021	-1	-1	
1322225601	-1	-1	
44729228	-2	-1	-1	
198631185	-1	-1	
1297738204	-1	-1	
1275530088	-1	-1	
1275530087	-1	-1	
100015504455	2	1	1	
100010121695	-1	-1	
34612184	-1	-1	
28001761	-8	-1	-1	-1	-1	-1	-1	-1	-1	
454234969	-1	-1	
1229000714	-1	-1	
100018314126	-1	-1	
1317631308	-1	-1	
1325550831	-2	-1	-1	
1294034902	-1	-1	
1323211684	-1	-1	
1323642534	-1	-1	
109516757	-1	-1	
28001759	-1	-1	
1284509580	-1	-1	
1249002261	-1	-1	
1332911736	-1	-1	
1258200465	-1	-1	
1314023290	-1	-1	
28001751	6	1	1	1	1	1	1	
1229801326	-1	-1	
363527190	-1	-1	
28001757	-1	-1	
28001755	-1	-1	
13600620	-1	-1	
1216616245	-1	-1	
1228908743	-1	-1	
1261216705	-1	-1	
411013822	-1	-1	
30920914	5	1	1	1	1	1	
100017216936	1	1	
30920912	6	1	1	1	1	1	1	
796415320	-1	-1	
1243529047	6	1	1	1	1	1	1	
155205329	10	1	1	1	1	1	1	1	1	1	1	
30920916	-6	-1	-1	-1	-1	-1	-1	
30920917	-1	-1	
1280436134	-1	-1	
1287113278	-1	-1	
32718446	5	1	1	1	1	1	
1249530943	-1	-1	
790001824	-1	-1	
100016504116	-4	-1	-1	-1	-1	
272407540	-1	-1	
47304667	3	1	1	1	
1256416360	-1	-1	
1339518043	-1	-1	
268909624	-1	-1	
1223215262	-1	-1	
136615126	-1	-1	
107937268	-1	-1	
1303446862	-1	-1	
1294018693	-1	-1	
129000178	-2	-1	-1	
1304700598	-1	-1	
1334828358	-1	-1	
595429601	-1	-1	
1337950867	-1	-1	
1044609460	7	1	1	1	1	1	1	1	
302521485	-1	-1	
1288936855	-1	-1	
1232522722	-1	-1	
100000408178	-1	-1	
1216703211	-1	-1	
1318934464	-1	-1	
1294913654	-1	-1	
462223555	-1	-1	
30920910	-5	-1	-1	-1	-1	-1	
1286843029	-1	-1	
842532975	-1	-1	
1310333275	-1	-1	
1213916497	-1	-1	
100009022965	-1	-1	
388129502	-1	-1	
1300832439	-1	-1	
100020702023	13	1	1	1	1	1	1	1	1	1	1	1	1	1	
1337007588	-1	-1	
109421014	2	1	1	
100017617909	-1	-1	
1288325112	-1	-1	
489024844	-1	-1	
109421018	1	1	
1171017324	-1	-1	
354709048	-1	-1	
100014001242	1	1	
157603376	-1	-1	
37526885	-1	-1	
598628936	-1	-1	
100032609623	-1	-1	
1210628494	-1	-1	
1322457643	-1	-1	
1326200447	-1	-1	
30920924	-1	-1	
1217722879	-1	-1	
1295909812	-1	-1	
127037397	-1	-1	
212901040	-2	-1	-1	
156403489	-1	-1	
1328608124	-1	-1	
1212723701	-1	-1	
1302339822	-1	-1	
1328703325	-1	-1	
1286546474	-1	-1	
100018918535	-6	-1	-1	-1	-1	-1	-1	
1225740011	-1	-1	
100018918534	-5	-1	-1	-1	-1	-1	
1225208823	-1	-1	
292124103	-1	-1	
85526770	-1	-1	
1233705207	-1	-1	
1286433736	-1	-1	
1336931247	-1	-1	
73731399	-1	-1	
822224272	-1	-1	
1213401461	-1	-1	
264420103	-1	-1	
1288522353	-1	-1	
1324415062	-1	-1	
487322670	-1	-1	
79909598	1	1	
1228342457	-1	-1	
98200481	8	1	1	1	1	1	1	1	1	
1319132076	-1	-1	
100014804563	2	1	1	
1331303643	-1	-1	
1314248009	-1	-1	
1303134394	-1	-1	
14626174	-1	-1	
273617660	-1	-1	
1286141068	-1	-1	
1326915732	-1	-1	
1312700125	-1	-1	
752308509	-1	-1	
1298407867	-1	-1	
489024851	-1	-1	
100033303607	-1	-1	
392107597	-1	-1	
100032609677	-1	-1	
1271336082	-1	-1	
1315339851	-1	-1	
1232305747	-1	-1	
383543981	-1	-1	
1279531418	-1	-1	
1336837122	-1	-1	
267823412	-7	-1	-1	-1	-1	-1	-1	-1	
267823411	-6	-1	-1	-1	-1	-1	-1	
46010577	-1	-1	
100013206750	1	1	
1294818232	-1	-1	
1329515539	-1	-1	
100020113608	-1	-1	
75509921	-1	-1	
1318405356	-1	-1	
1232305759	-1	-1	
1263021114	-1	-1	
1321440358	-1	-1	
100207790	-1	-1	
1023611529	-1	-1	
1271746819	-1	-1	
1262316633	-1	-1	
1317229499	-1	-1	
1284522393	-1	-1	
1269810705	-1	-1	
1023611528	-1	-1	
1215010547	-1	-1	
1215303074	-1	-1	
1318042495	-1	-1	
1275329760	-1	-1	
1286927870	-1	-1	
24720311	1	1	
1289733754	-1	-1	
1256208495	-1	-1	
1213912913	-1	-1	
1323334364	-1	-1	
1288201134	-1	-1	
1300807479	-1	-1	
1300542168	-1	-1	
100015606558	-1	-1	
100000607969	-1	-1	
467533026	-1	-1	
1214317250	-1	-1	
885812848	-1	-1	
626129124	-1	-1	
1305603021	-1	-1	
158504098	-1	-1	
100020113614	-1	-1	
420906144	-1	-1	
133414704	-1	-1	
100008814405	4	1	1	1	1	
1326023718	-1	-1	
1316553162	-1	-1	
1280122746	-1	-1	
1323437640	-1	-1	
1234815153	-1	-1	
136618236	-2	-1	-1	
100011416321	6	1	1	1	1	1	1	
1306302513	-1	-1	
1316405235	-1	-1	
100015102210	6	1	1	1	1	1	1	
610911948	-1	-1	
100031143	1	1	
1227013148	-1	-1	
373718063	-1	-1	
1090303483	-1	-1	
1221603702	-1	-1	
1308039363	-1	-1	
100016609024	-1	-1	
1299201891	-1	-1	
735320806	-1	-1	
61417899	-1	-1	
880121902	-1	-1	
1274043918	-1	-1	
100033923243	-1	-1	
357836364	-1	-1	
1232035209	-1	-1	
1278728675	-1	-1	
100006204196	-1	-1	
1306734808	-1	-1	
250306370	-1	-1	
1290216521	-1	-1	
1288028743	-2	-1	-1	
93718937	-1	-1	
396904862	-1	-1	
725122039	-1	-1	
172928426	-1	-1	
81226208	-1	-1	
19229769	-1	-1	
1309731245	-1	-1	
164413099	-1	-1	
100020417619	-22	-1	-1	-1	-1	-1	-1	-1	-1	-1	-1	-1	-1	-1	-1	-1	-1	-1	-1	-1	-1	-1	-1	
100016114676	-1	-1	
1326825739	-1	-1	
1295513300	-1	-1	
164321469	-1	-1	
1323228493	-1	-1	
1314602579	-1	-1	
100017721419	1	1	
100002213991	-1	-1	
118235196	-2	-1	-1	
170709834	-1	-1	
100014712986	-1	-1	
219240982	-1	-1	
1236040609	-1	-1	
1310953654	-1	-1	
219240987	-1	-1	
1287515739	-1	-1	
1285225439	-1	-1	
653810273	-1	-1	
94222572	-1	-1	
186128227	-1	-1	
1331423221	-1	-1	
1093116807	-1	-1	
1317748396	-1	-1	
1218420162	-1	-1	
1338651241	-2	-1	-1	
36201663	-1	-1	
1297732036	-1	-1	
321824346	-1	-1	
860227712	-1	-1	
983102280	-1	-1	
939519887	-1	-1	
1216741530	-1	-1	
103430790	-1	-1	
1228111944	-1	-1	
1230038207	-1	-1	
1214813604	-1	-1	
120916689	-1	-1	
939519884	-2	-1	-1	
343905868	-1	-1	
89936605	-1	-1	
1314221843	-1	-1	
100008707231	3	1	1	1	
954916828	-1	-1	
1308836786	-1	-1	
1317554789	-1	-1	
319514937	-1	-1	
1082337401	-1	-1	
353529643	-1	-1	
100004713830	-1	-1	
50727849	-1	-1	
100019015269	-1	-1	
1227142586	-1	-1	
836914478	-1	-1	
100033818489	1	1	
1214727153	-1	-1	
765628407	-1	-1	
1337730926	-1	-1	
1275312946	-1	-1	
1246837557	-1	-1	
1322825720	-1	-1	
1316402177	-1	-1	
1324545721	-6	-1	-1	-1	-1	-1	-1	
1226807121	-1	-1	
1215602999	-1	-1	
375825304	-1	-1	
1290527527	-1	-1	
118235187	-3	-1	-1	-1	
1298519059	-1	-1	
118235189	-1	-1	
1251917137	-1	-1	
943413128	-1	-1	
1294523137	-1	-1	
1290832624	-1	-1	
1310629658	-1	-1	
100008011986	-1	-1	
100007416006	-1	-1	
1291610516	-1	-1	
1273746093	-1	-1	
302401640	-1	-1	
1244510063	-1	-1	
30920900	-3	-1	-1	-1	
1227307673	-1	-1	
100017917667	-6	-1	-1	-1	-1	-1	-1	
1275434364	-1	-1	
100017917668	-21	-1	-1	-1	-1	-1	-1	-1	-1	-1	-1	-1	-1	-1	-1	-1	-1	-1	-1	-1	-1	-1	
260307942	-1	-1	
1311827627	-1	-1	
1076835290	-2	-1	-1	
100015102209	6	1	1	1	1	1	1	
100015102208	1	1	
1324438401	-1	-1	
6417454	-1	-1	
100020413292	-1	-1	
100017617933	-10	-1	-1	-1	-1	-1	-1	-1	-1	-1	-1	
1321231987	-1	-1	
1226027304	-1	-1	
100017617932	-5	-1	-1	-1	-1	-1	
1338211376	-1	-1	
352125891	-1	-1	
745828051	-1	-1	
1162115812	-1	-1	
1303541221	-2	-1	-1	
1219630262	-1	-1	
1296506606	-1	-1	
1232720308	-1	-1	
107514805	-1	-1	
1285527732	-1	-1	
158811649	-1	-1	
915227363	-1	-1	
100018004223	3	1	1	1	
1332044061	-1	-1	
1081707730	-1	-1	
911930385	-1	-1	
1328711838	-1	-1	
1252126169	-1	-1	
100017917565	-1	-1	
8016425	-1	-1	
103524228	-1	-1	
245126542	-1	-1	
1336101883	-1	-1	
94007547	-4	-1	-1	-1	-1	
36031127	-1	-1	
1296331364	-1	-1	
715527197	-1	-1	
100019517834	-1	-1	
525313596	-1	-1	
34116541	-1	-1	
1337108947	-1	-1	
1336214443	-1	-1	
1218204645	-1	-1	
352125887	-1	-1	
182001185	-1	-1	
1295114922	-1	-1	
102417427	-1	-1	
1175332502	-1	-1	
1277535038	-1	-1	
1278232798	-1	-1	
102839362	31	1	1	1	1	1	1	1	1	1	1	1	1	1	1	1	1	1	1	1	1	1	1	1	1	1	1	1	1	1	1	1	
1295114924	-1	-1	
95309328	-1	-1	
1302824756	-1	-1	
100002900960	-1	-1	
1283239212	-1	-1	
598204492	-1	-1	
1294805896	-1	-1	
100019517842	-1	-1	
1247903990	-1	-1	
100019913245	1	1	
1221639776	-1	-1	
1054421933	-1	-1	
1305151685	-1	-1	
1315825970	-1	-1	
1078232084	-1	-1	
1215910244	-1	-1	
1284441423	-1	-1	
100017916254	-1	-1	
1334826511	-1	-1	
100017916256	6	1	1	1	1	1	1	
1305130755	-1	-1	
1260917024	-1	-1	
1322543103	-1	-1	
100017916252	-3	-1	-1	-1	
729431392	-1	-1	
1225943426	-1	-1	
544135617	-1	-1	
639714757	-1	-1	
1246128446	-2	-1	-1	
39106708	2	1	1	
1321609851	-1	-1	
198211052	-1	-1	
135425426	-1	-1	
141309528	-1	-1	
1287536664	-1	-1	
1322046396	-1	-1	
1227928666	-1	-1	
100011412836	4	1	1	1	1	
1286116898	-1	-1	
297427250	-1	-1	
1324102001	-1	-1	
857310296	-1	-1	
7809247	-2	-1	-1	
22026340	-1	-1	
1268222288	-1	-1	
598400376	-1	-1	
388129487	-1	-1	
173909623	-1	-1	
1221001920	-1	-1	
1284339895	-1	-1	
1331546143	-2	-1	-1	
134202969	-1	-1	
1266840168	-1	-1	
1283924370	-1	-1	
1224122585	-1	-1	
100011216913	-1	-1	
911127236	-1	-1	
50229717	-1	-1	
1321318344	-1	-1	
1284233522	-1	-1	
1333546970	-1	-1	
1329945997	-1	-1	
1306141082	-1	-1	
1337507310	-1	-1	
1305039845	-5	-1	-1	-1	-1	-1	
1290731970	-1	-1	
1337507311	-1	-1	
1279533290	-6	-1	-1	-1	-1	-1	-1	
1335425010	-1	-1	
1287228506	-1	-1	
1276912548	-1	-1	
922511319	-2	-1	-1	
937220411	-1	-1	
1086218093	-1	-1	
112326401	-1	-1	
1230115733	-1	-1	
1324220883	-1	-1	
354718766	-1	-1	
1294804519	-1	-1	
1262719386	-1	-1	
1286030976	-1	-1	
1324451457	-1	-1	
177927444	-1	-1	
1058032059	-1	-1	
308507185	-1	-1	
1237803538	-1	-1	
1304848751	-1	-1	
100001200262	-1	-1	
1082609774	-1	-1	
1304848750	-1	-1	
1328526663	-1	-1	
282520024	-1	-1	
1304848748	-1	-1	
1339331576	-1	-1	
778436380	-1	-1	
485303475	-1	-1	
1231020501	-1	-1	
1306628823	-1	-1	
675215703	-1	-1	
991031859	-1	-1	
1307821234	-1	-1	
1268615675	-1	-1	
676935053	-1	-1	
1321213387	-1	-1	
1317922171	-1	-1	
1316423115	-1	-1	
1300319416	-1	-1	
100019616658	3	1	1	1	
673616757	-1	-1	
1318905155	-1	-1	
1293731596	-1	-1	
628211085	-1	-1	
100032615534	-1	-1	
1336551931	-1	-1	
803401695	-1	-1	
100002401436	-8	-1	-1	-1	-1	-1	-1	-1	-1	
1240927575	-1	-1	
100002401433	2	1	1	
100002401437	-1	-1	
1285816615	-1	-1	
1295807188	-1	-1	
1324603297	-1	-1	
774520181	-1	-1	
23407348	-1	-1	
1290322485	-1	-1	
358414775	-1	-1	
1288303862	-1	-1	
808521889	-1	-1	
1233621050	-1	-1	
1328524864	-1	-1	
1294706157	-1	-1	
1231509256	-1	-1	
1291303700	-1	-1	
1280026952	-1	-1	
1311944350	-1	-1	
1331652115	-1	-1	
23407350	-1	-1	
1325441657	-1	-1	
1180141082	-1	-1	
1265810741	-1	-1	
1287311015	-1	-1	
1307340454	-1	-1	
100002119108	-1	-1	
252907684	-1	-1	
1216639883	-1	-1	
1333534150	-1	-1	
1166519161	-1	-1	
1244708986	-1	-1	
1282145395	-1	-1	
127907238	-1	-1	
1216040812	-1	-1	
1304424990	-1	-1	
1299905510	-1	-1	
1307627074	-1	-1	
1220200581	-1	-1	
38202035	-1	-1	
252907682	-1	-1	
1271703703	-1	-1	
249522772	-1	-1	
1287542491	-1	-1	
1199927849	-1	-1	
168704606	-1	-1	
1300520744	-1	-1	
168704603	-1	-1	
733921302	-1	-1	
100018600727	-1	-1	
1295711925	-1	-1	
66305381	-1	-1	
1285647430	-1	-1	
1308617272	-1	-1	
1240926216	-1	-1	
279009078	-1	-1	
187616665	-1	-1	
803504064	-1	-1	
900819965	-1	-1	
111810415	-1	-1	
388129450	-1	-1	
1311122600	-1	-1	
1330317788	-1	-1	
959709783	-1	-1	
1338427250	-1	-1	
1210924451	-1	-1	
365020781	-1	-1	
854610279	-1	-1	
100033302252	-1	-1	
456627417	-1	-1	
1313130223	-1	-1	
52136710	-1	-1	
1291511659	-1	-1	
100007916820	-1	-1	
1336817613	-1	-1	
114618490	-2	-1	-1	
17224988	-1	-1	
96406856	-1	-1	
1276232745	-1	-1	
100020407391	-1	-1	
7307540	-1	-1	
1241023957	-1	-1	
221725530	-1	-1	
470519478	-1	-1	
1250705338	-1	-1	
1243205524	-1	-1	
1327837304	-1	-1	
1219200621	-1	-1	
474007534	-1	-1	
182025938	-1	-1	
1281235711	-1	-1	
100011318007	13	1	1	1	1	1	1	1	1	1	1	1	1	1	
1315944339	-1	-1	
100033011574	-1	-1	
100010017561	3	1	1	1	
1318234328	-1	-1	
1323902817	-1	-1	
1335018197	-1	-1	
96406845	-1	-1	
1233440798	-1	-1	
1334127681	-1	-1	
100009306549	-1	-1	
1249413422	-1	-1	
32723731	-1	-1	
1240521648	-1	-1	
1246823830	-1	-1	
1327231130	-1	-1	
1335251014	-1	-1	
107809969	-1	-1	
100018107406	1	1	
1248213597	-1	-1	
111327378	-1	-1	
241033576	-1	-1	
1303916877	-1	-1	
1249530963	-3	-1	-1	-1	
1268004942	-1	-1	
100020317459	-3	-1	-1	-1	
1249530962	-1	-1	
206704477	9	1	1	1	1	1	1	1	1	1	
100034200733	-1	-1	
921107081	-1	-1	
66413956	-1	-1	
468516075	-1	-1	
498911893	-1	-1	
1281138656	-1	-1	
1336219323	-1	-1	
1301720607	-1	-1	
1019925483	-2	-1	-1	
1284802440	-1	-1	
100019517813	-4	-1	-1	-1	-1	
67336045	-1	-1	
164111709	-1	-1	
31125023	-1	-1	
1311845547	-1	-1	
864728419	9	1	1	1	1	1	1	1	1	1	
970808074	-1	-1	
100016503150	-5	-1	-1	-1	-1	-1	
101112602	-1	-1	
1228839957	-1	-1	
1275911699	-1	-1	
226730950	-1	-1	
1327312812	-1	-1	
389302479	-1	-1	
100009909027	-1	-1	
1286810691	-1	-1	
1305313037	-2	-1	-1	
186927704	-1	-1	
1308332508	-1	-1	
681141648	-1	-1	
103726661	-1	-1	
1229828251	-1	-1	
1339443767	-1	-1	
100013300931	-7	-1	-1	-1	-1	-1	-1	-1	
881320625	-1	-1	
100009405147	2	1	1	
100002901464	-1	-1	
1319528649	-1	-1	
100007522264	4	1	1	1	1	
1086919873	-1	-1	
1302453874	-1	-1	
1324831131	-1	-1	
1302825081	-1	-1	
170727534	-1	-1	
100010418147	1	1	
100007500018	-1	-1	
1274507608	-1	-1	
1328517118	-1	-1	
69216776	-1	-1	
1283419410	-1	-1	
773433851	-1	-1	
100030703510	4	1	1	1	1	
596304004	-1	-1	
305220935	-1	-1	
75330117	-1	-1	
802916395	-1	-1	
637529703	-1	-1	
1282027921	-1	-1	
1247939225	-1	-1	
1237314317	-1	-1	
1336119891	-1	-1	
1284332864	-1	-1	
1200521857	-1	-1	
8212037	-1	-1	
1314614278	-3	-1	-1	-1	
576324710	-1	-1	
96133188	-1	-1	
839622474	3	1	1	1	
965037326	-1	-1	
30032591	-1	-1	
61727468	-1	-1	
347936459	-1	-1	
1301322616	-1	-1	
1304336779	-1	-1	
1320023112	-1	-1	
1320023111	-2	-1	-1	
814538853	-1	-1	
1303541917	-1	-1	
1338207757	-1	-1	
107937110	2	1	1	
1330226539	-1	-1	
1324139090	-1	-1	
1271241329	-1	-1	
893727710	14	1	1	1	1	1	1	1	1	1	1	1	1	1	1	
1271319644	-1	-1	
1302404022	-1	-1	
1282038635	-1	-1	
134026993	-1	-1	
1334506192	-1	-1	
1312847186	-1	-1	
1240726678	-1	-1	
100000007490	1	1	
1220637320	-1	-1	
1263303087	-1	-1	
1269118303	-1	-1	
100032315920	2	1	1	
1231823787	-1	-1	
1265821796	-1	-1	
1262808466	-1	-1	
403106015	-1	-1	
1331621652	-1	-1	
1339807375	-1	-1	
665323010	-1	-1	
23015668	-1	-1	
48723836	-10	-1	-1	-1	-1	-1	-1	-1	-1	-1	-1	
824507571	3	1	1	1	
1269207091	-1	-1	
1241034989	-1	-1	
1238411311	-1	-1	
371418857	3	1	1	1	
100010902990	1	1	
1339443728	-1	-1	
20729081	-1	-1	
833125327	-1	-1	
1291601993	-1	-1	
594927664	-1	-1	
201213499	-1	-1	
1228316057	-1	-1	
418135267	-1	-1	
100002201442	-2	-1	-1	
1278421874	-1	-1	
100002201445	8	1	1	1	1	1	1	1	1	
100002201444	-2	-1	-1	
553008736	-1	-1	
100002201446	4	1	1	1	1	
445815749	-1	-1	
1256410991	-1	-1	
1232711338	-1	-1	
100031414163	-1	-1	
340603135	-1	-1	
1264025283	-1	-1	
1050333272	-1	-1	
122428445	-1	-1	
1239024360	-1	-1	
627904670	-1	-1	
122428446	-1	-1	
100002901455	3	1	1	1	
1321907372	-1	-1	
100033615650	21	1	1	1	1	1	1	1	1	1	1	1	1	1	1	1	1	1	1	1	1	1	
1288626221	-1	-1	
1305523718	-1	-1	
1324226879	-1	-1	
100004613245	2	1	1	
106718503	-1	-1	
1309335490	-1	-1	
1260315571	-1	-1	
1325301676	-1	-1	
810303509	-1	-1	
387214556	-1	-1	
1315638911	-1	-1	
1322533363	-1	-1	
122428430	-1	-1	
344624232	-1	-1	
218027105	44	1	1	1	1	1	1	1	1	1	1	1	1	1	1	1	1	1	1	1	1	1	1	1	1	1	1	1	1	1	1	1	1	1	1	1	1	1	1	1	1	1	1	1	1	
100002306578	-1	-1	
809238248	-1	-1	
218027103	-1	-1	
231526241	-1	-1	
255700059	-1	-1	
1324742469	-1	-1	
1210924013	-1	-1	
1321417244	-1	-1	
19906338	-1	-1	
1319619137	-1	-1	
1315615404	-1	-1	
1233834930	-1	-1	
1312900735	-1	-1	
1290316482	-1	-1	
100017317911	-1	-1	
1282801521	-1	-1	
764511867	-1	-1	
189713875	7	1	1	1	1	1	1	1	
1224926729	-1	-1	
189713873	34	1	1	1	1	1	1	1	1	1	1	1	1	1	1	1	1	1	1	1	1	1	1	1	1	1	1	1	1	1	1	1	1	1	1	
189713872	40	1	1	1	1	1	1	1	1	1	1	1	1	1	1	1	1	1	1	1	1	1	1	1	1	1	1	1	1	1	1	1	1	1	1	1	1	1	1	1	1	
189713878	20	1	1	1	1	1	1	1	1	1	1	1	1	1	1	1	1	1	1	1	1	
2928585	-1	-1	
1122202992	-1	-1	
1335846716	-1	-1	
1302102379	-1	-1	
1334135405	-1	-1	
1299747963	-1	-1	
1238326107	-1	-1	
100002701868	3	1	1	1	
40714590	-1	-1	
897310929	-1	-1	
100031820186	-1	-1	
117530277	-1	-1	
1299230770	-1	-1	
73718010	1	1	
100019109574	-1	-1	
1257531060	-1	-1	
189713883	28	1	1	1	1	1	1	1	1	1	1	1	1	1	1	1	1	1	1	1	1	1	1	1	1	1	1	1	1	
100006522482	4	1	1	1	1	
1318531546	-1	-1	
1301724554	-1	-1	
100006522483	7	1	1	1	1	1	1	1	
162415430	-1	-1	
1301724555	-1	-1	
1294944458	-1	-1	
1294944459	-1	-1	
243739513	-1	-1	
1262218974	-2	-1	-1	
1264708742	-1	-1	
629701689	-1	-1	
250823813	1	1	
1306831931	-1	-1	
1286325360	-1	-1	
1299210213	-1	-1	
899909357	-1	-1	
1121131392	-1	-1	
1323826755	-1	-1	
1221833244	-1	-1	
987310381	-1	-1	
100003818771	-1	-1	
1282600689	-1	-1	
1312233660	-1	-1	
1228633308	-1	-1	
1330002049	-1	-1	
100006615553	1	1	
1322347518	-1	-1	
1289805650	-1	-1	
1225002082	-1	-1	
1279031829	-1	-1	
100020016159	-1	-1	
1217727131	-1	-1	
150902976	-1	-1	
1301350735	-1	-1	
100008904365	4	1	1	1	1	
225722607	-4	-1	-1	-1	-1	
1301724568	-1	-1	
1334103820	-1	-1	
1262313443	-1	-1	
100018213150	42	1	1	1	1	1	1	1	1	1	1	1	1	1	1	1	1	1	1	1	1	1	1	1	1	1	1	1	1	1	1	1	1	1	1	1	1	1	1	1	1	1	1	
88533903	-1	-1	
1302147258	-1	-1	
1272323532	-1	-1	
443427995	-1	-1	
73728270	-1	-1	
1271808478	-1	-1	
1313338505	-1	-1	
1215634462	-1	-1	
115533733	-1	-1	
1326846735	-1	-1	
1329047287	-1	-1	
66416896	-1	-1	
115533734	-1	-1	
369605682	-1	-1	
1247933979	-1	-1	
1228023368	-1	-1	
1324739698	-1	-1	
1224310538	-1	-1	
291205509	-1	-1	
1328653031	-1	-1	
1242605111	-2	-1	-1	
331115552	-1	-1	
1286224695	-1	-1	
1229226738	-1	-1	
32726318	-1	-1	
1282730723	-1	-1	
1320729203	-1	-1	
1243104168	-1	-1	
100017617842	-1	-1	
78307208	-1	-1	
1245825596	-1	-1	
100012013723	-1	-1	
721601101	-1	-1	
1300620981	-1	-1	
234723181	6	1	1	1	1	1	1	
1283827196	-1	-1	
1279912308	-1	-1	
1248200823	-1	-1	
1223727696	-1	-1	
100017617831	-4	-1	-1	-1	-1	
1322012918	-1	-1	
81123889	-1	-1	
67721974	3	1	1	1	
969816895	-1	-1	
1246335245	-1	-1	
1328439932	-1	-1	
74333423	-1	-1	
1306501305	-1	-1	
100009705042	-2	-1	-1	
610908627	-3	-1	-1	-1	
1256416222	-1	-1	
610908626	-2	-1	-1	
466317535	-1	-1	
66415593	-1	-1	
774916673	-1	-1	
1213809384	-1	-1	
100003522024	-1	-1	
955633664	-1	-1	
112626422	-1	-1	
100014720543	-1	-1	
1302118757	-1	-1	
671137705	-1	-1	
1210708317	-1	-1	
1296120700	-1	-1	
1338800921	-1	-1	
850520829	-1	-1	
1217927637	-1	-1	
335136632	-1	-1	
1301150231	-1	-1	
1297542081	-1	-1	
480237645	-1	-1	
852108660	-1	-1	
1264800214	-1	-1	
1210026263	-2	-1	-1	
1242202767	-1	-1	
1280217601	-1	-1	
1237020238	-1	-1	
165300569	-1	-1	
1294233742	-1	-1	
30817101	-5	-1	-1	-1	-1	-1	
83613645	-1	-1	
63125669	-1	-1	
1283032259	-1	-1	
137214102	-1	-1	
1283927320	-1	-1	
1233605092	-1	-1	
1329533847	-1	-1	
56600328	-1	-1	
1328940516	-1	-1	
1263838198	-1	-1	
166214668	1	1	
100032211343	-1	-1	
1319403194	-1	-1	
1305412000	-1	-1	
1306442419	-1	-1	
119426413	-1	-1	
369932256	-1	-1	
1331719549	-1	-1	
1337620121	-1	-1	
1220624860	-1	-1	
1292336533	-1	-1	
1276831641	-1	-1	
40714649	-1	-1	
1226809674	-1	-1	
1276223580	-1	-1	
100003014085	-1	-1	
1319542002	-1	-1	
407635116	-1	-1	
346516951	-1	-1	
1102025346	-1	-1	
1317145422	-1	-1	
1262735798	-1	-1	
1083028742	-1	-1	
115533785	-1	-1	
316716994	-1	-1	
340301543	-1	-1	
100031207407	-1	-1	
1314016312	-1	-1	
1317801862	-1	-1	
1301005329	-1	-1	
1301923675	-1	-1	
352733603	-1	-1	
229906357	-1	-1	
100000806349	1	1	
2905957	-1	-1	
46427040	-1	-1	
1281336873	-1	-1	
107027396	-1	-1	
353633214	-1	-1	
559422900	-7	-1	-1	-1	-1	-1	-1	-1	
1219218438	-1	-1	
174615548	-1	-1	
1277914381	-1	-1	
173905393	-1	-1	
100019708015	-1	-1	
1327913863	-1	-1	
725819095	-1	-1	
1235221634	-1	-1	
1265617174	-1	-1	
1218204738	-1	-1	
1268016421	-1	-1	
212903859	-1	-1	
1075923431	-1	-1	
1249820838	-1	-1	
100010107545	-1	-1	
1287239505	-1	-1	
1218602231	-1	-1	
1322752931	-1	-1	
100014014716	1	1	
1076514110	-1	-1	
40206672	-8	-1	-1	-1	-1	-1	-1	-1	-1	
1336915669	-1	-1	
100033102892	-1	-1	
1175532396	-1	-1	
824741162	-1	-1	
870834247	-1	-1	
111237130	-2	-1	-1	
173905398	-5	-1	-1	-1	-1	-1	
1211225252	-1	-1	
1247111590	-1	-1	
1244910846	-1	-1	
14622489	-1	-1	
1221509683	-1	-1	
1310803873	-1	-1	
1223317408	-1	-1	
100030902639	3	1	1	1	
54803294	-1	-1	
1248237244	-1	-1	
1218922591	-1	-1	
100009115485	-1	-1	
96323361	-2	-1	-1	
1218922590	-1	-1	
1278913722	-1	-1	
939325772	-1	-1	
269412240	-1	-1	
1271108472	-1	-1	
111237129	1	1	
577813358	-1	-1	
160120517	-1	-1	
1261227206	-1	-1	
1334025898	-2	-1	-1	
1304444678	-1	-1	
100022001507	10	1	1	1	1	1	1	1	1	1	1	
1224908962	-1	-1	
1231731968	-1	-1	
293407378	-1	-1	
369932223	-5	-1	-1	-1	-1	-1	
1335748283	-1	-1	
1245317572	-1	-1	
369932222	-1	-1	
124815847	-1	-1	
262235673	-1	-1	
29304686	-1	-1	
1333730554	-1	-1	
1216721991	-1	-1	
1241910618	-1	-1	
1286030863	-1	-1	
1267804987	-2	-1	-1	
1225500607	-1	-1	
100019018282	-1	-1	
100018209096	-2	-1	-1	
1289917911	-1	-1	
1290410506	-1	-1	
100019116670	-1	-1	
1290649228	-1	-1	
232025344	-2	-1	-1	
1296732506	-1	-1	
112008946	-1	-1	
46810379	-1	-1	
1317704541	1	1	
1305207839	-1	-1	
255511891	-1	-1	
1285907502	-1	-1	
1048743187	17	1	1	1	1	1	1	1	1	1	1	1	1	1	1	1	1	1	
573514608	-1	-1	
65108683	-1	-1	
1246940411	-1	-1	
36030564	-1	-1	
1256100787	-1	-1	
1270540917	-1	-1	
100018120968	-1	-1	
1320023166	-1	-1	
37915254	-1	-1	
1275911735	-1	-1	
117325242	-1	-1	
326934319	-5	-1	-1	-1	-1	-1	
1280839602	-1	-1	
326934313	-2	-1	-1	
1320023184	-1	-1	
100015800936	1	1	
326934317	-1	-1	
1285140622	-1	-1	
326934318	1	1	
1327727946	-1	-1	
1310542726	-1	-1	
268526357	-1	-1	
205607029	-1	-1	
1269034258	-1	-1	
203517396	-1	-1	
1303445126	-1	-1	
1234636892	-1	-1	
1263417030	-1	-1	
455626695	-1	-1	
777723639	-1	-1	
1320023198	-3	-1	-1	-1	
421508896	-1	-1	
1320023197	-2	-1	-1	
1319626365	-1	-1	
1320023191	-2	-1	-1	
512927387	-1	-1	
1313248454	-1	-1	
1283238087	-1	-1	
100010600481	1	1	
991222284	-1	-1	
582508008	-1	-1	
423021927	-1	-1	
99533644	-1	-1	
1275911750	-2	-1	-1	
99533643	-1	-1	
1220628381	-1	-1	
819441491	-1	-1	
1294040549	-1	-1	
1304042763	-3	-1	-1	-1	
1216234951	-1	-1	
397118511	-1	-1	
316110134	-1	-1	
100003103735	-1	-1	
1322440262	-1	-1	
1339443828	-1	-1	
1272734353	-1	-1	
1241632150	-1	-1	
315004335	-1	-1	
1278501711	-1	-1	
1294711825	-1	-1	
1320023199	-2	-1	-1	
1305818184	-1	-1	
510731366	-1	-1	
917420066	-1	-1	
1244020725	-1	-1	
1297808137	-1	-1	
1267920389	-1	-1	
100031619405	8	1	1	1	1	1	1	1	1	
279009146	-1	-1	
1320023132	-1	-1	
100013202407	-1	-1	
1326411963	-1	-1	
1320023130	-1	-1	
1295100421	-1	-1	
1320023129	-1	-1	
1305600587	-1	-1	
1320023125	-1	-1	
1280707070	-1	-1	
100009315160	-1	-1	
1241000715	-1	-1	
100003914561	-1	-1	
100013505303	1	1	
1222538817	-1	-1	
100033003833	-1	-1	
52416853	-1	-1	
100006006895	-1	-1	
1329733510	-2	-1	-1	
233614271	-1	-1	
340422620	-1	-1	
543024024	-1	-1	
315902017	-1	-1	
1279919858	-1	-1	
100006517894	-2	-1	-1	
1281634081	-1	-1	
1304421163	-1	-1	
253936014	-1	-1	
164018910	-1	-1	
1293936146	-1	-1	
1320023150	-1	-1	
1251519513	-1	-1	
100012601502	-1	-1	
249906996	-1	-1	
100020317337	-1	-1	
111639053	-1	-1	
249906998	1	1	
1316129568	-1	-1	
1210539878	-1	-1	
326934320	-5	-1	-1	-1	-1	-1	
1274202806	-1	-1	
139014098	-1	-1	
191301302	-1	-1	
1241006014	-1	-1	
417221905	-1	-1	
790128878	-1	-1	
958536920	-1	-1	
1284013926	-1	-1	
1278133186	-3	-1	-1	-1	
249906985	-1	-1	
1252509958	-1	-1	
194321111	-1	-1	
32000554	-2	-1	-1	
1274202819	-1	-1	
1329911836	-1	-1	
1331103389	-1	-1	
1226023627	-1	-1	
274839112	-1	-1	
890220388	-1	-1	
100017214515	-2	-1	-1	
58904960	-1	-1	
1010427215	-1	-1	
54803428	-2	-1	-1	
25016727	-1	-1	
228439881	-1	-1	
1216211561	-1	-1	
1299428183	-1	-1	
1290639151	-3	-1	-1	-1	
1232646542	-1	-1	
1283616924	-1	-1	
764027723	-1	-1	
263212821	-1	-1	
100023018108	-4	-1	-1	-1	-1	
1324401925	-1	-1	
1243337442	-1	-1	
1261138360	-1	-1	
1306321446	-1	-1	
103528028	-1	-1	
522822202	-1	-1	
31314507	-1	-1	
100020505072	-1	-1	
1293715751	-1	-1	
1306548112	-1	-1	
1061925860	-1	-1	
525828707	-1	-1	
1277508531	-1	-1	
1238708312	-1	-1	
1220628540	-1	-1	
1273831287	-1	-1	
100019201723	-1	-1	
665602920	-1	-1	
1257702915	-1	-1	
1269405000	-1	-1	
1321508682	-1	-1	
1275127083	-1	-1	
501409318	3	1	1	1	
1294206901	-1	-1	
1289446111	-2	-1	-1	
87225616	11	1	1	1	1	1	1	1	1	1	1	1	
543223100	-3	-1	-1	-1	
46530771	-1	-1	
1301904652	-1	-1	
798200907	-1	-1	
122428598	-1	-1	
1315312589	-1	-1	
8819188	-1	-1	
100010310702	3	1	1	1	
382626529	-1	-1	
1296144659	-1	-1	
1333712791	-1	-1	
1265415915	-1	-1	
754531680	-1	-1	
59907868	-1	-1	
1306608985	-1	-1	
1297018122	-1	-1	
100033715995	7	1	1	1	1	1	1	1	
489628105	-1	-1	
901704946	-1	-1	
1304427326	-1	-1	
1243202781	-1	-1	
1083929632	-1	-1	
1833121	-1	-1	
100021411107	5	1	1	1	1	1	
1250101568	-1	-1	
240924537	-1	-1	
1294834952	-1	-1	
1276335873	-11	-1	-1	-1	-1	-1	-1	-1	-1	-1	-1	-1	
89542551	-1	-1	
1260524246	-1	-1	
1222041471	-1	-1	
1213600672	-1	-1	
1304428662	-1	-1	
275509246	-1	-1	
1324019361	-1	-1	
1325211737	-1	-1	
1319741141	-1	-1	
100019717873	-1	-1	
84013681	-1	-1	
1302048224	-1	-1	
1232919027	-1	-1	
1244339255	-1	-1	
287005944	-1	-1	
1269818409	-1	-1	
100031017031	4	1	1	1	1	
1320253589	-1	-1	
122428534	-1	-1	
1313042619	-1	-1	
1314433034	-1	-1	
1260135627	-1	-1	
100009101667	5	1	1	1	1	1	
549012658	-1	-1	
1301731591	-1	-1	
819715017	-1	-1	
1303753688	-1	-1	
1300207916	-1	-1	
406221466	-2	-1	-1	
1264507643	-1	-1	
1278021604	-1	-1	
28320826	-1	-1	
100006306863	-1	-1	
1275031777	-1	-1	
1267909292	-2	-1	-1	
1331406530	-1	-1	
45307226	-1	-1	
740629328	-1	-1	
1266404827	-1	-1	
78307185	-1	-1	
1304205258	-1	-1	
1261838570	-1	-1	
406221458	-1	-1	
85513248	-2	-1	-1	
1313113507	-1	-1	
1334545859	-1	-1	
521538048	-1	-1	
1332626419	-1	-1	
406221472	-3	-1	-1	-1	
1300740843	-1	-1	
857126419	-1	-1	
597724512	-3	-1	-1	-1	
100015015022	1	1	
406221471	-5	-1	-1	-1	-1	-1	
213728580	-1	-1	
406221470	-2	-1	-1	
1240623419	-1	-1	
1287116543	-1	-1	
650901420	-1	-1	
268139423	-1	-1	
1290038925	-1	-1	
1242118820	-1	-1	
1261412499	-1	-1	
1236604226	-1	-1	
100013913028	-1	-1	
376710726	-1	-1	
1272807102	-1	-1	
1215917828	-1	-1	
1289828405	-1	-1	
676628196	-2	-1	-1	
1313327940	-1	-1	
1314750048	-1	-1	
1238936863	-1	-1	
1296909626	-1	-1	
1300028973	-2	-1	-1	
213613259	-1	-1	
112018184	-1	-1	
1222735374	-1	-1	
100009622902	-1	-1	
1222735375	-1	-1	
20009582	-1	-1	
655520657	-1	-1	
1301454587	-1	-1	
409121309	-1	-1	
1322216289	-1	-1	
1232919054	-1	-1	
1029602445	-1	-1	
1238918188	-1	-1	
1031204700	-1	-1	
1305745732	-1	-1	
28320837	3	1	1	1	
114912146	-1	-1	
863711036	-1	-1	
100015700652	-1	-1	
879433032	-1	-1	
100019925077	-1	-1	
1334718540	-1	-1	
1272143481	-1	-1	
331331161	-1	-1	
1260508127	-1	-1	
121000868	-1	-1	
100033507630	-1	-1	
986410916	-1	-1	
1306446182	-1	-1	
100007800015	-1	-1	
763124274	-1	-1	
1287916195	-1	-1	
1291936433	-1	-1	
878501648	-1	-1	
1239516979	-1	-1	
784404941	-1	-1	
1307604637	-1	-1	
1276610402	-1	-1	
420016990	-1	-1	
729432078	-1	-1	
426001719	-1	-1	
1333630158	-1	-1	
110622288	-5	-1	-1	-1	-1	-1	
520629368	-1	-1	
1262402256	-1	-1	
1232701060	-1	-1	
628128343	-1	-1	
1310140789	-1	-1	
1323241671	-1	-1	
1300740807	-1	-1	
100031416899	1	1	
180026220	-1	-1	
957909470	-1	-1	
100015105993	1	1	
1212916250	-1	-1	
1212916252	-1	-1	
1281118477	-1	-1	
1262302617	-1	-1	
1336330874	-1	-1	
1237734777	-1	-1	
100030612366	-1	-1	
1335214692	-1	-1	
65228499	-1	-1	
1318012804	-1	-1	
214415157	-1	-1	
1279537385	-1	-1	
1262606961	-1	-1	
100021415553	3	1	1	1	
1305142912	-1	-1	
170413139	-1	-1	
1299313669	-1	-1	
1027227179	-1	-1	
1312053479	-1	-1	
1324147605	-1	-1	
1333533816	-1	-1	
100017217653	-8	-1	-1	-1	-1	-1	-1	-1	-1	
1335352347	-1	-1	
100015615642	-1	-1	
346112513	-1	-1	
249328770	-1	-1	
1138734719	-1	-1	
224333548	-1	-1	
1312803414	-1	-1	
358428280	12	1	1	1	1	1	1	1	1	1	1	1	1	
100017520462	3	1	1	1	
1296523018	-1	-1	
1223434024	-1	-1	
804408137	-1	-1	
362129543	-1	-1	
1337144723	-1	-1	
1218143485	-1	-1	
100006102595	-1	-1	
397736271	-1	-1	
1279913515	-1	-1	
1281625965	-1	-1	
1245733684	-1	-1	
827414005	-1	-1	
32118061	-1	-1	
173905406	-1	-1	
1218613971	-1	-1	
100018218982	-1	-1	
1314623285	-1	-1	
609626868	-1	-1	
605406518	-1	-1	
1306719010	-1	-1	
173905400	-1	-1	
1297815337	-1	-1	
322106515	1	1	
100018319496	-1	-1	
100606314	-1	-1	
100014000989	1	1	
1163716217	-1	-1	
15125899	-1	-1	
1307146021	-1	-1	
1101524706	-1	-1	
211416157	-1	-1	
1279610543	-1	-1	
761520581	-1	-1	
1236117268	-2	-1	-1	
1337320286	-1	-1	
435513592	-1	-1	
100015000036	2	1	1	
260200438	-1	-1	
81123747	-1	-1	
1305920732	-1	-1	
1323641756	-1	-1	
1333605940	-1	-1	
1311425107	-1	-1	
1304741325	-1	-1	
1324415655	-1	-1	
1297819759	-1	-1	
195636778	-1	-1	
100032819674	-2	-1	-1	
942103431	-1	-1	
1285930810	-1	-1	
1295915930	-1	-1	
100005921580	-1	-1	
1275928698	-1	-1	
1236442778	-1	-1	
1321042191	-1	-1	
100033316190	-1	-1	
254211301	-1	-1	
1275208888	-1	-1	
1309006385	-1	-1	
409529456	-1	-1	
133803681	-1	-1	
165333594	-1	-1	
1285930821	-1	-1	
1273905164	-1	-1	
1285930827	-1	-1	
1296447641	-1	-1	
450203926	-1	-1	
1296447640	-1	-1	
1243227142	-1	-1	
1210806682	-1	-1	
1296447646	-1	-1	
1215821415	-1	-1	
1299243333	-1	-1	
165836161	-1	-1	
1296100127	-1	-1	
1285930830	-1	-1	
1297210482	-1	-1	
793902984	-1	-1	
1217442982	-1	-1	
1331806392	-1	-1	
1304639771	-1	-1	
952318794	-1	-1	
1283238133	-1	-1	
100016421535	1	1	
230916116	-1	-1	
1195505251	-1	-1	
1266023828	-1	-1	
198903415	-1	-1	
681409405	-1	-1	
1294233650	-1	-1	
1239319715	-1	-1	
1206419903	-1	-1	
1325350693	-1	-1	
1222412201	-1	-1	
1214505768	-1	-1	
1281520883	-1	-1	
1271333181	-1	-1	
1217120733	-1	-1	
100033915327	-1	-1	
313700013	-1	-1	
100022303092	-1	-1	
41418014	-1	-1	
234205692	-1	-1	
1229301721	-1	-1	
1328101363	-1	-1	
1339215102	-1	-1	
913621588	-1	-1	
272505610	-1	-1	
1328101369	-1	-1	
357640308	-1	-1	
1237317569	-1	-1	
388701399	-1	-1	
1314119632	-1	-1	
100022700973	-1	-1	
90222809	-1	-1	
1304022408	-1	-1	
100016905826	-1	-1	
100001912248	-1	-1	
1243623719	-1	-1	
1245011712	-1	-1	
1304327693	-1	-1	
100020117753	-1	-1	
85000480	-1	-1	
1333708750	-1	-1	
64220151	-1	-1	
1279132348	-5	-1	-1	-1	-1	-1	
1045923941	-1	-1	
1283238115	-1	-1	
1232215222	-1	-1	
1074030275	-2	-1	-1	
1331056601	-1	-1	
1303738970	-1	-1	
1324145839	-1	-1	
162502339	-1	-1	
219124958	3	1	1	1	
1226330716	-1	-1	
45201708	-1	-1	
1275803604	-1	-1	
1275803603	-1	-1	
1210929022	-1	-1	
933704121	-1	-1	
675107312	-1	-1	
1324750879	-1	-1	
1301429661	-1	-1	
455302737	-1	-1	
1257409088	-1	-1	
1221303182	-1	-1	
100002001042	1	1	
1283330391	-1	-1	
375612475	-2	-1	-1	
1266619815	-1	-1	
1281118438	-1	-1	
1228314212	-1	-1	
252614948	-2	-1	-1	
353311767	-1	-1	
1301617070	-1	-1	
229228467	-1	-1	
351213875	-1	-1	
1277532142	-1	-1	
1322316321	-1	-1	
788508141	-1	-1	
199212189	-1	-1	
100020314167	-1	-1	
999107671	-1	-1	
100008003253	2	1	1	
84523414	-1	-1	
1277012211	-5	-1	-1	-1	-1	-1	
1239036287	-1	-1	
1244810781	-1	-1	
1274816591	-1	-1	
1217909010	-1	-1	
269139394	-1	-1	
1338327734	2	1	1	
45827978	-1	-1	
1292445024	-1	-1	
1238638964	-1	-1	
1266337681	-1	-1	
331420684	-1	-1	
1338822358	-1	-1	
113829658	-4	-1	-1	-1	-1	
1324632838	-1	-1	
249803843	-1	-1	
1274816593	-1	-1	
1274816595	-1	-1	
1004523407	-1	-1	
1324504675	-1	-1	
1076514041	-1	-1	
1212923337	-1	-1	
100016620996	-1	-1	
135027282	-1	-1	
1302330045	-1	-1	
12111709	-1	-1	
1334939363	-1	-1	
1233429330	-1	-1	
3625645	-1	-1	
100004218617	-1	-1	
1245731977	-1	-1	
100003703476	-1	-1	
1238732907	-1	-1	
1224624036	-1	-1	
278421105	-1	-1	
995806964	-1	-1	
1332930171	-2	-1	-1	
100003804917	2	1	1	
228428339	-1	-1	
1302031318	-1	-1	
1300309038	-1	-1	
1304938443	-1	-1	
1223724651	-1	-1	
1229402351	-1	-1	
1294330242	-1	-1	
1238112862	-3	-1	-1	-1	
74015664	-1	-1	
1244731515	-1	-1	
1269917244	-1	-1	
400006934	-1	-1	
1282503512	-1	-1	
1293632031	-1	-1	
1314307983	-1	-1	
1276813049	-1	-1	
854824572	-1	-1	
1247723033	-2	-1	-1	
1253901036	-1	-1	
1214444329	-1	-1	
61320740	-3	-1	-1	-1	
1328445842	-1	-1	
24720117	-1	-1	
1240408734	-1	-1	
925424626	-1	-1	
1237738293	-1	-1	
1300028169	-1	-1	
1275607709	1	1	
1309621530	-1	-1	
1334253443	-1	-1	
968912030	-1	-1	
261123444	-1	-1	
100007311724	-1	-1	
1317645838	-1	-1	
1242229777	-1	-1	
1311339154	-1	-1	
1256317360	-1	-1	
1322641336	-2	-1	-1	
1239915886	-1	-1	
838701985	-1	-1	
116003540	-3	-1	-1	-1	
1232320397	-1	-1	
1330115489	-1	-1	
1306934480	-1	-1	
1233514810	-1	-1	
1219734967	-1	-1	
1219837326	-1	-1	
1212333907	-1	-1	
233838654	-1	-1	
1269917269	-1	-1	
2520627	-1	-1	
1304428700	-1	-1	
1226209975	-1	-1	
1210028993	-1	-1	
45105937	-1	-1	
88220774	-1	-1	
1237914159	-2	-1	-1	
419926455	-1	-1	
1228312413	-1	-1	
100012319557	-1	-1	
954419735	-1	-1	
1333511690	-1	-1	
1322921336	-1	-1	
1315403707	-1	-1	
1281537704	-1	-1	
1295926683	-3	-1	-1	-1	
1233514805	-1	-1	
1301031747	-1	-1	
1305613968	-1	-1	
1323626187	-1	-1	
84523436	-1	-1	
1285617832	-1	-1	
1291804726	-6	-1	-1	-1	-1	-1	-1	
100015420247	-1	-1	
1059238271	-1	-1	
1320441052	-1	-1	
100035300248	-1	-1	
931015468	-1	-1	
1293742405	-1	-1	
100035300247	-1	-1	
240035511	-1	-1	
1270303373	-1	-1	
1314923205	-1	-1	
1284325871	-1	-1	
1309402978	-1	-1	
1221036863	-1	-1	
1242229766	-1	-1	
1278519153	-1	-1	
238312573	-1	-1	
100019713528	-1	-1	
1164328841	-1	-1	
1230407540	-1	-1	
1240729694	-1	-1	
791614494	-1	-1	
100009717202	1	1	
1304725521	-1	-1	
1239531630	-1	-1	
1338703943	-1	-1	
937525549	-1	-1	
100009023914	2	1	1	
1271230872	-1	-1	
1297527514	-1	-1	
100009023915	4	1	1	1	1	
1322352252	-1	-1	
1301542926	-1	-1	
244518624	-1	-1	
1338228485	-1	-1	
100033403397	1	1	
560710775	-1	-1	
1306342017	-1	-1	
1278513441	-1	-1	
1251900859	-1	-1	
1316306675	-1	-1	
201732317	-2	-1	-1	
1309748652	-1	-1	
100006900515	8	1	1	1	1	1	1	1	1	
100019317804	-2	-1	-1	
1250628231	-1	-1	
100003310228	-1	-1	
100015420240	-1	-1	
1292627357	-1	-1	
64528834	-1	-1	
1294637687	-1	-1	
1223619628	-1	-1	
1288924515	13	1	1	1	1	1	1	1	1	1	1	1	1	1	
297815540	-1	-1	
1304835179	-1	-1	
1253403203	-1	-1	
1214030212	-1	-1	
735310064	-1	-1	
1265523006	-1	-1	
89529471	-1	-1	
1289426616	-1	-1	
48930832	-1	-1	
1335353324	-1	-1	
100019313474	-1	-1	
1216302557	-1	-1	
4404542	-1	-1	
100014613720	-1	-1	
1282117764	-1	-1	
1280316820	-1	-1	
713825229	-1	-1	
1311010897	-2	-1	-1	
1284306372	-1	-1	
379034510	-1	-1	
100019013185	-2	-1	-1	
939418201	-1	-1	
486220057	-1	-1	
1081908954	-1	-1	
730910621	-1	-1	
1309451500	-1	-1	
1212800541	-1	-1	
476408118	-1	-1	
1242828993	-1	-1	
116003554	-2	-1	-1	
304313142	-1	-1	
1314306180	-1	-1	
748024108	-1	-1	
1276109166	-1	-1	
100006021829	3	1	1	1	
1288111420	-1	-1	
1215433236	-1	-1	
1318042105	-1	-1	
115330337	-1	-1	
1245107570	-1	-1	
1325643118	-1	-1	
1287825791	-1	-1	
1217215495	-1	-1	
100019618173	-1	-1	
1060930850	-1	-1	
1319139838	-1	-1	
1229226908	-1	-1	
1319139839	-1	-1	
1316206860	-1	-1	
807332013	-1	-1	
256105185	-1	-1	
1319311958	-1	-1	
100022413453	7	1	1	1	1	1	1	1	
1226644125	-1	-1	
159802714	1	1	
402505664	1	1	
1336726967	-1	-1	
1228817976	-1	-1	
221433952	-3	-1	-1	-1	
1279118417	-1	-1	
100032400408	-1	-1	
1323410939	-1	-1	
402710635	-1	-1	
1324020005	-1	-1	
371612142	6	1	1	1	1	1	1	
100016623666	22	1	1	1	1	1	1	1	1	1	1	1	1	1	1	1	1	1	1	1	1	1	1	
1284134322	-1	-1	
1336036775	-1	-1	
192737380	-1	-1	
100014907373	1	1	
107401010	-1	-1	
264624457	-1	-1	
246318252	-1	-1	
1325219799	-1	-1	
1305316341	-1	-1	
1283325254	-1	-1	
89909533	-1	-1	
1318618604	-1	-1	
1251922224	-1	-1	
1331130453	-1	-1	
1274732073	-1	-1	
1216638888	-2	-1	-1	
1274523061	-1	-1	
1302843506	-1	-1	
192533375	-1	-1	
1226202604	-1	-1	
1302843508	-1	-1	
1249539827	-1	-1	
1279735515	-1	-1	
283211397	-1	-1	
1236316046	-4	-1	-1	-1	-1	
156613433	-1	-1	
1032018356	-1	-1	
126913291	-1	-1	
100018116644	-1	-1	
1331325505	-1	-1	
1228037712	-1	-1	
117029156	-1	-1	
1293009123	-1	-1	
508808991	-1	-1	
523628690	-1	-1	
100001105528	-1	-1	
1217415510	-1	-1	
248901620	-1	-1	
1286631766	-1	-1	
1321539009	-1	-1	
107313652	-2	-1	-1	
25331460	-1	-1	
1333925335	-1	-1	
394936020	-1	-1	
1325305379	-1	-1	
1315322437	-1	-1	
306402764	-1	-1	
1293211581	-1	-1	
1239527528	-1	-1	
851205857	-1	-1	
1218924643	-1	-1	
1241514670	-1	-1	
1222113302	-1	-1	
1301221769	-1	-1	
1300017732	-1	-1	
853823961	-1	-1	
723702140	-1	-1	
1303542144	-1	-1	
371738963	-1	-1	
1221535824	-1	-1	
1324542134	-1	-1	
1312642873	-1	-1	
24410183	4	1	1	1	1	
1275542449	-1	-1	
1304426171	-1	-1	
1232904931	-1	-1	
670017376	-1	-1	
100022311852	-1	-1	
1272423585	-1	-1	
1297335060	-1	-1	
1338211673	-1	-1	
1313100110	-1	-1	
1279830104	-2	-1	-1	
1305537765	-1	-1	
1214132298	-1	-1	
168708640	-1	-1	
1237610895	-1	-1	
1225810963	-1	-1	
1295703998	-1	-1	
1306138725	-1	-1	
1312848608	-1	-1	
1299347597	-2	-1	-1	
1215113304	-1	-1	
100003022775	-1	-1	
1302823035	-1	-1	
129337473	-3	-1	-1	-1	
1238936719	-1	-1	
100022302939	1	1	
1238936718	-1	-1	
222536615	-1	-1	
1323021929	-1	-1	
1277326034	-1	-1	
13602053	-1	-1	
1300832729	-1	-1	
802340975	-1	-1	
1332048109	-1	-1	
1285434466	-1	-1	
100015300401	-1	-1	
275526915	-1	-1	
393513817	-1	-1	
75709865	-1	-1	
1276403305	-1	-1	
1336621884	-1	-1	
14438256	-1	-1	
1285209082	-1	-1	
50118421	-1	-1	
1285209083	-1	-1	
1241105104	-1	-1	
683520709	-1	-1	
7939469	-1	-1	
257632974	-1	-1	
1237631770	-1	-1	
683520705	1	1	
1214825952	-1	-1	
1252033581	-1	-1	
1279513295	-1	-1	
100032810786	-1	-1	
1227117285	-1	-1	
120810573	-1	-1	
1303149116	4	1	1	1	1	
1320432823	-1	-1	
1173902337	-1	-1	
463702481	-1	-1	
83704325	-1	-1	
23310418	-1	-1	
1215912287	-1	-1	
100003905051	1	1	
100021202070	-1	-1	
100019716260	1	1	
667424013	-1	-1	
1334328122	-1	-1	
829719402	-1	-1	
50118418	-1	-1	
222616403	2	1	1	
22531221	-1	-1	
1311940349	-1	-1	
86236420	-4	-1	-1	-1	-1	
1339025545	-1	-1	
1325027354	-1	-1	
1244110931	-1	-1	
1309826604	-1	-1	
1266825731	-1	-1	
100009606746	4	1	1	1	1	
1266230956	-1	-1	
1285008911	-1	-1	
1216638812	-1	-1	
425523575	-1	-1	
1298433817	-1	-1	
1298433818	-1	-1	
1312645084	-1	-1	
1338818429	-1	-1	
766534863	-1	-1	
100020017276	1	1	
5019397	-1	-1	
1336839267	-1	-1	
5019398	-1	-1	
1216401474	-1	-1	
232901174	-1	-1	
1277139290	-1	-1	
1230321609	-1	-1	
100019309329	-1	-1	
1322834318	-1	-1	
1286328687	-1	-1	
101708030	-1	-1	
157117716	-1	-1	
1232904949	-1	-1	
784344621	-1	-1	
425523582	-1	-1	
452229972	-1	-1	
1211134130	-1	-1	
100016103634	1	1	
1239409524	-1	-1	
1285215732	-1	-1	
1313334351	-1	-1	
1335216980	-1	-1	
1315426237	-1	-1	
100031009715	-1	-1	
174624669	-1	-1	
791315182	-2	-1	-1	
366035656	-1	-1	
764118926	-1	-1	
100032202138	-1	-1	
791315183	-3	-1	-1	-1	
1224727788	-1	-1	
1310602272	-1	-1	
1140121635	-1	-1	
1313136008	-1	-1	
1266820009	-1	-1	
1225736573	-1	-1	
63334834	-1	-1	
1319923770	-1	-1	
640528475	-1	-1	
1289232023	-1	-1	
1134302539	-1	-1	
601432650	-1	-1	
100007709086	1	1	
1305139418	-1	-1	
1277842091	-1	-1	
1239820358	-1	-1	
1221211147	-1	-1	
1269823468	-1	-1	
25032898	-3	-1	-1	-1	
259702595	-1	-1	
1315546019	-1	-1	
1230034211	-1	-1	
1282118273	-1	-1	
1321111036	-1	-1	
1339320579	-1	-1	
1218628644	-1	-1	
100011613350	11	1	1	1	1	1	1	1	1	1	1	1	
1285820387	-1	-1	
912604302	-1	-1	
1305747996	-2	-1	-1	
1285513458	-1	-1	
100033515537	2	1	1	
438219773	-1	-1	
1245928713	-1	-1	
1309522362	-1	-1	
1211813515	-1	-1	
1322121503	-1	-1	
1311104454	-1	-1	
1280033510	-1	-1	
1336007373	-1	-1	
100022314088	-1	-1	
1226202592	-1	-1	
100019306366	-1	-1	
1275932820	-1	-1	
1262824377	-1	-1	
1284522969	-1	-1	
1265735585	-1	-1	
353311691	-1	-1	
779713258	-1	-1	
460208302	-1	-1	
601420649	-1	-1	
1242112624	-1	-1	
1337001004	8	1	1	1	1	1	1	1	1	
1219528237	-1	-1	
1293136603	-1	-1	
100012116726	2	1	1	
1312101624	-1	-1	
1315408485	-1	-1	
1248331221	-1	-1	
1334023433	-1	-1	
1249028449	-1	-1	
1315436500	-1	-1	
1289334025	-1	-1	
1267241489	-1	-1	
1295408410	-1	-1	
1317826907	-1	-1	
38811563	8	1	1	1	1	1	1	1	1	
1247937606	-1	-1	
1303313206	-1	-1	
38811554	30	1	1	1	1	1	1	1	1	1	1	1	1	1	1	1	1	1	1	1	1	1	1	1	1	1	1	1	1	1	1	
100003405088	-1	-1	
38811555	14	1	1	1	1	1	1	1	1	1	1	1	1	1	1	
36411887	-1	-1	
1325307986	-8	-1	-1	-1	-1	-1	-1	-1	-1	
100002403598	-1	-1	
1321914365	-1	-1	
1336306784	-1	-1	
1294422034	-1	-1	
100022201469	1	1	
1269127823	-1	-1	
1293933255	-1	-1	
100010216014	2	1	1	
825112832	-1	-1	
1312836720	-1	-1	
62517142	-1	-1	
203027892	-1	-1	
267929190	-1	-1	
346340308	-1	-1	
1275100015	-1	-1	
100031118801	-1	-1	
1339516581	-1	-1	
383534440	-1	-1	
1266123983	-1	-1	
1335003656	-1	-1	
1297337614	-1	-1	
1332439775	-1	-1	
1316229484	-1	-1	
55536340	-1	-1	
1322740777	-1	-1	
267929188	-1	-1	
184225725	-1	-1	
431406409	-1	-1	
1212916264	-1	-1	
1253909269	-1	-1	
1210019775	-1	-1	
100011416085	-1	-1	
285208651	-1	-1	
1248836883	-1	-1	
1224021644	-1	-1	
1230725727	-1	-1	
1288125206	-1	-1	
100015303414	-1	-1	
1220101163	-1	-1	
1246402014	-1	-1	
1256022138	-1	-1	
100002905226	-1	-1	
100019514485	-1	-1	
1313308144	-2	-1	-1	
1323122667	-1	-1	
151223495	-1	-1	
1275803511	-2	-1	-1	
801437309	-1	-1	
1312836703	-1	-1	
100011600001	2	1	1	
1332126657	-1	-1	
393139057	-1	-1	
1339614146	-1	-1	
100005520694	3	1	1	1	
786722255	-1	-1	
1333417772	-1	-1	
1276935729	-1	-1	
1228312391	-1	-1	
1302446881	-1	-1	
393139056	-1	-1	
1225810923	-1	-1	
1213338288	-1	-1	
1279513305	-1	-1	
1246700495	-1	-1	
1030703655	-2	-1	-1	
1311049862	-1	-1	
1266523648	-1	-1	
263126867	-1	-1	
36700554	-1	-1	
1334123576	-1	-1	
100008416199	-1	-1	
493408423	-1	-1	
1289630282	-1	-1	
1307619780	-1	-1	
1333209286	-1	-1	
913621479	-1	-1	
1308048057	-1	-1	
1279513317	-1	-1	
1336022930	-1	-1	
100019402996	3	1	1	1	
1300930449	-1	-1	
100001008483	1	1	
151223472	-1	-1	
1216043551	-1	-1	
1220633538	-1	-1	
645541861	-1	-1	
132000544	-1	-1	
1257719181	-1	-1	
1235035956	-1	-1	
1297938713	-1	-1	
41023978	-1	-1	
100003904554	2	1	1	
1337803978	-1	-1	
1288624614	-1	-1	
1269914080	-1	-1	
1188839261	-1	-1	
1320805685	-2	-1	-1	
1323609502	-1	-1	
100022317984	-4	-1	-1	-1	-1	
1272209284	-1	-1	
1320805687	-1	-1	
543223093	-1	-1	
860610074	-1	-1	
1292714276	-1	-1	
1332012979	-1	-1	
726808810	-1	-1	
1335418457	-1	-1	
1292449986	-1	-1	
1294544642	-1	-1	
1224315223	-1	-1	
1328622066	-1	-1	
1245928796	-1	-1	
1307204971	-1	-1	
20435308	3	1	1	1	
100022021366	-1	-1	
100009912978	7	1	1	1	1	1	1	1	
1270635070	-1	-1	
1332718249	-1	-1	
1309609733	-1	-1	
1221616588	-1	-1	
100019618148	-1	-1	
343930348	-1	-1	
100005809216	-1	-1	
1307707997	-1	-1	
1294426496	-1	-1	
100017011293	-1	-1	
294206116	-1	-1	
520816425	-1	-1	
3320018	-1	-1	
1240115552	-1	-1	
164721493	-1	-1	
391504958	-1	-1	
1301121582	-1	-1	
64610886	-1	-1	
1321126164	-1	-1	
100003601635	-1	-1	
83117555	-1	-1	
1229740334	-1	-1	
1283138945	-1	-1	
473215314	-2	-1	-1	
1278929878	-1	-1	
1313848068	-1	-1	
306125561	-1	-1	
1026823766	-1	-1	
1336044350	-1	-1	
626137212	-1	-1	
1228407955	-1	-1	
1331732319	-1	-1	
1319411898	-1	-1	
1299208940	-1	-1	
1282642740	-1	-1	
1282146359	-1	-1	
1226338741	-1	-1	
1293136685	-1	-1	
221016965	-1	-1	
90206236	4	1	1	1	1	
689040143	-1	-1	
343040089	-1	-1	
80212686	-1	-1	
1318213708	-1	-1	
100007307599	-1	-1	
264129487	-1	-1	
1300019582	-1	-1	
1226812206	-1	-1	
1331823390	-1	-1	
78908489	-1	-1	
1332226804	-1	-1	
1292905488	-3	-1	-1	-1	
100033803139	4	1	1	1	1	
241210846	-1	-1	
1300902370	-1	-1	
100016304149	3	1	1	1	
1007907646	-2	-1	-1	
343040098	-1	-1	
1335147372	-1	-1	
324001383	-1	-1	
922739461	-1	-1	
1226512636	-1	-1	
1248228946	-1	-1	
100031409316	3	1	1	1	
1303729306	-1	-1	
1298531996	-1	-1	
55317134	-1	-1	
1298531997	-1	-1	
107816592	-1	-1	
1288321358	-1	-1	
1099708186	-2	-1	-1	
1219301572	-1	-1	
1216033379	-1	-1	
1320349398	-2	-1	-1	
100019317841	-1	-1	
1328421953	-1	-1	
774140354	-1	-1	
1284706129	-1	-1	
1232533655	-1	-1	
1245010907	-1	-1	
1072614538	-1	-1	
1275803599	-1	-1	
1306131372	-1	-1	
758902651	-2	-1	-1	
201331375	3	1	1	1	
1255901105	-1	-1	
1255901106	-1	-1	
1321035587	-1	-1	
100017303488	-1	-1	
100019511389	-1	-1	
761520606	-1	-1	
1228016086	-1	-1	
1332349870	-1	-1	
1269433948	-1	-1	
120505628	-1	-1	
1321139487	-1	-1	
62224005	-1	-1	
1293923080	-1	-1	
1293821133	-1	-1	
1304937674	-1	-1	
1232533681	-1	-1	
94516094	-1	-1	
1224418439	-1	-1	
1232533679	-1	-1	
1317109978	-1	-1	
1239738352	-1	-1	
1282814798	-1	-1	
100016012374	-1	-1	
742633088	-1	-1	
1298531981	-1	-1	
224216707	-1	-1	
784511228	-1	-1	
82707955	-1	-1	
1241306640	-1	-1	
1233111324	-1	-1	
1331703743	-1	-1	
244022015	-1	-1	
100017521591	2	1	1	
244022013	-1	-1	
100010819247	-1	-1	
90337431	-1	-1	
725520391	-1	-1	
1299835622	-1	-1	
1299835621	-1	-1	
213913958	-1	-1	
1280245881	-1	-1	
512414622	-1	-1	
504415730	-1	-1	
1320023208	-2	-1	-1	
1323220109	-1	-1	
1320023207	-1	-1	
1328301469	-1	-1	
1273421542	-1	-1	
770144843	-1	-1	
861813160	-1	-1	
100020018635	-1	-1	
100020018634	-3	-1	-1	-1	
100001221564	-1	-1	
1320941546	-1	-1	
1296817466	-1	-1	
100003300797	-1	-1	
1310401286	-1	-1	
100008815333	-1	-1	
878206655	-1	-1	
107101491	-4	-1	-1	-1	-1	
1335924029	-1	-1	
1316433777	-1	-1	
1319502356	-1	-1	
203122322	-1	-1	
1210503312	-1	-1	
387417130	-1	-1	
223000471	-1	-1	
1255308692	-1	-1	
1293109910	-1	-1	
1279513195	-1	-1	
1268039925	-1	-1	
114100711	3	1	1	1	
35711793	-1	-1	
139014614	-1	-1	
125504913	-1	-1	
1287425337	-1	-1	
1337512200	-1	-1	
219002810	-1	-1	
1242814407	-1	-1	
1244701847	-1	-1	
1235213203	-1	-1	
88709577	-1	-1	
1327918848	-1	-1	
100017800931	-1	-1	
100017800930	4	1	1	1	1	
506502584	-1	-1	
1270635254	-1	-1	
775427564	-1	-1	
1136253	-1	-1	
1312350903	-1	-1	
100009716015	-1	-1	
504508602	-1	-1	
1233308804	-1	-1	
275420432	-1	-1	
1233308802	-1	-1	
1320232411	-1	-1	
1299623387	-1	-1	
1334326233	-1	-1	
1273411305	-1	-1	
1279837686	-1	-1	
1016712720	-1	-1	
1240613876	-1	-1	
1130701634	-1	-1	
63730858	-1	-1	
303925596	-1	-1	
1309004725	-1	-1	
1290026732	-1	-1	
997907318	-1	-1	
1333847422	-1	-1	
1334230054	-1	-1	
535008357	-2	-1	-1	
1229101723	-1	-1	
141309082	-1	-1	
771431689	-1	-1	
495532925	-1	-1	
95919112	-1	-1	
211906094	-1	-1	
1295719359	-1	-1	
100020600671	1	1	
491709368	-1	-1	
1303039397	-2	-1	-1	
1267236889	-1	-1	
1322533498	-1	-1	
896719537	-1	-1	
1216807208	-1	-1	
1298826278	-1	-1	
189127778	-2	-1	-1	
189127779	-6	-1	-1	-1	-1	-1	-1	
1237023296	-1	-1	
100011801551	-1	-1	
189127774	-1	-1	
1305211356	-1	-1	
100019218363	-1	-1	
15602865	-1	-1	
1312024300	-1	-1	
1222205818	-1	-1	
1300429319	-1	-1	
362729279	-1	-1	
1307244346	-1	-1	
1285434391	-1	-1	
11917652	-1	-1	
100032022288	-1	-1	
1304546940	-1	-1	
100019619362	-1	-1	
1293918470	-1	-1	
172805988	-1	-1	
189127772	-2	-1	-1	
1288338857	-1	-1	
189127773	-1	-1	
909540099	-1	-1	
1274231986	-1	-1	
1248410421	-1	-1	
1227138901	-1	-1	
1330425846	-1	-1	
1216511892	-1	-1	
1267342758	-1	-1	
189127781	-6	-1	-1	-1	-1	-1	-1	
189127782	-6	-1	-1	-1	-1	-1	-1	
1330638788	-1	-1	
189127780	-7	-1	-1	-1	-1	-1	-1	-1	
1248330601	-1	-1	
777218205	-1	-1	
1339340111	-1	-1	
793342782	-1	-1	
100002418671	6	1	1	1	1	1	1	
1332729946	-1	-1	
1211716597	-1	-1	
40208945	-1	-1	
424933339	-1	-1	
1050842248	-1	-1	
1279242071	-1	-1	
1335605283	-1	-1	
1288631945	-1	-1	
363739959	-2	-1	-1	
1294830316	-1	-1	
1275800431	-1	-1	
1300839451	-1	-1	
909524881	-1	-1	
1284736871	-1	-1	
345334765	-1	-1	
1273938358	-1	-1	
1309408853	-1	-1	
268529181	-1	-1	
1055633400	-1	-1	
1228904757	-1	-1	
1055633401	-1	-1	
1055633402	-1	-1	
1303529078	-1	-1	
55301545	-1	-1	
1294403951	-1	-1	
1309949240	-1	-1	
437616929	-1	-1	
1339912006	-1	-1	
54805431	-1	-1	
136808698	-1	-1	
63732608	-1	-1	
1339912007	-1	-1	
1084323195	-1	-1	
237535379	1	1	
1242303186	-1	-1	
575518810	-1	-1	
1305212618	-1	-1	
666610360	-1	-1	
1332915694	-1	-1	
185119301	-1	-1	
152618457	-1	-1	
4316400	-1	-1	
1297001103	-1	-1	
100022419747	-1	-1	
1310252565	-1	-1	
1310252566	-1	-1	
493909514	-1	-1	
100030310614	7	1	1	1	1	1	1	1	
100030310613	2	1	1	
100018519537	-1	-1	
1328118011	-1	-1	
100000709372	3	1	1	1	
631144202	-1	-1	
1265020958	-1	-1	
1327108117	-1	-1	
100033416513	7	1	1	1	1	1	1	1	
768520378	-1	-1	
1242315141	-1	-1	
100018102965	-1	-1	
1278414892	-1	-1	
862118219	-1	-1	
100010606577	3	1	1	1	
473510284	-1	-1	
1334306689	-1	-1	
36203840	2	1	1	
1309946194	-1	-1	
100008521542	-1	-1	
280302419	32	1	1	1	1	1	1	1	1	1	1	1	1	1	1	1	1	1	1	1	1	1	1	1	1	1	1	1	1	1	1	1	1	
52820976	2	1	1	
1262616527	-1	-1	
1323044506	-1	-1	
55021561	-1	-1	
1242315139	-1	-1	
1242528738	-1	-1	
2803128	-1	-1	
299129795	-1	-1	
1217505482	-1	-1	
1319741306	-1	-1	
1338144641	-1	-1	
1269619287	-1	-1	
1223241906	-1	-1	
415214989	-1	-1	
100016321696	5	1	1	1	1	1	
100032609248	-1	-1	
1309323545	2	1	1	
1265029367	-1	-1	
1254208103	-1	-1	
1247138641	-1	-1	
1015413932	-1	-1	
593906358	-1	-1	
827914288	-1	-1	
100019613205	-1	-1	
507613775	-1	-1	
18004148	-1	-1	
1235430016	-1	-1	
322316864	-1	-1	
1312545892	-1	-1	
1337644998	-1	-1	
1312545893	-1	-1	
1275933395	-1	-1	
19101755	-1	-1	
1324704248	-1	-1	
1310711998	-1	-1	
1271724190	-1	-1	
472134924	-1	-1	
100006511476	-1	-1	
24008892	-1	-1	
100011513896	8	1	1	1	1	1	1	1	1	
100016904221	3	1	1	1	
63304847	-1	-1	
63304846	-1	-1	
1233908195	-1	-1	
1222620286	-1	-1	
63732660	-1	-1	
1301411605	-1	-1	
1043741798	-1	-1	
51930031	-1	-1	
1302502421	-1	-1	
1293526315	-1	-1	
1338139276	-6	-1	-1	-1	-1	-1	-1	
1330528361	-1	-1	
54805429	-1	-1	
473433512	-1	-1	
1215741417	-1	-1	
1233442147	-1	-1	
86911386	-1	-1	
1323557703	-1	-1	
100012403044	-3	-1	-1	-1	
1297414091	-1	-1	
1085338618	-1	-1	
1085338617	-1	-1	
1279005649	-1	-1	
1338514478	-1	-1	
742524168	-1	-1	
1235628154	-1	-1	
279532628	-1	-1	
1273817193	-1	-1	
100020016079	-1	-1	
100012802463	2	1	1	
1213301626	-1	-1	
1310916297	-1	-1	
529840510	-1	-1	
100020106807	-1	-1	
113310118	-1	-1	
1332321353	-1	-1	
1287534445	-1	-1	
570700694	3	1	1	1	
954509463	-1	-1	
1321816823	-1	-1	
79711215	-1	-1	
1305153849	-1	-1	
140605618	-1	-1	
1296030077	-1	-1	
79025658	-1	-1	
1319121786	-1	-1	
202113768	-1	-1	
502309700	-1	-1	
97642842	-1	-1	
1329337855	-1	-1	
1216904316	-1	-1	
5211942	13	1	1	1	1	1	1	1	1	1	1	1	1	1	
59234258	-1	-1	
1301509552	-1	-1	
518320315	-1	-1	
355806927	-1	-1	
100018200572	1	1	
1280331528	-1	-1	
1289809833	-1	-1	
126204830	-1	-1	
1289809832	-1	-1	
100001414704	-1	-1	
1311944751	-1	-1	
661210981	-1	-1	
164300910	-1	-1	
1231833823	-1	-1	
1229031387	-1	-1	
203509817	-1	-1	
100031323544	1	1	
1279817182	-5	-1	-1	-1	-1	-1	
1305417813	-1	-1	
214821819	-1	-1	
100014412873	-1	-1	
1289637603	-1	-1	
936929978	-1	-1	
1289809829	-1	-1	
249830379	-1	-1	
1328602386	-1	-1	
1275608873	-1	-1	
1243036830	-1	-1	
267611546	-1	-1	
1246900931	-1	-1	
1246900930	-1	-1	
491928721	-1	-1	
1222506770	-1	-1	
5022244	-1	-1	
385003595	-1	-1	
350540874	-1	-1	
647415532	2	1	1	
1232901016	-1	-1	
1288645603	-1	-1	
1227026875	-1	-1	
1294712407	-1	-1	
1236315665	-1	-1	
719810264	-1	-1	
1291907712	-1	-1	
371310858	-1	-1	
1295042432	-1	-1	
1326000540	-1	-1	
1323720786	-1	-1	
1305153850	-2	-1	-1	
1219242019	-1	-1	
1336717005	-1	-1	
1334506910	-1	-1	
166926760	7	1	1	1	1	1	1	1	
9316044	-1	-1	
555638880	-1	-1	
1302617750	-1	-1	
1290804097	-1	-1	
79502013	-1	-1	
1300230113	-1	-1	
499034022	-1	-1	
100033810114	-1	-1	
100000712132	-1	-1	
1251008211	-1	-1	
443708108	-1	-1	
1282814802	-1	-1	
1334722462	-1	-1	
1217415566	-1	-1	
1264435460	-1	-1	
957608721	-1	-1	
100016703592	5	1	1	1	1	1	
1253313156	-1	-1	
111306029	-1	-1	
1318440910	-1	-1	
1334034226	-1	-1	
209622169	-2	-1	-1	
121908191	-1	-1	
115714209	-1	-1	
1231211577	-1	-1	
232609666	-1	-1	
120507527	-1	-1	
1315616239	-1	-1	
65214105	-1	-1	
1326847528	-1	-1	
1090433889	-1	-1	
64519893	-1	-1	
101517507	-1	-1	
100021304991	4	1	1	1	1	
1262819910	-1	-1	
738433395	-1	-1	
31601371	-1	-1	
531438030	-1	-1	
395600842	-1	-1	
1336331599	-1	-1	
484542577	-1	-1	
1339940143	-1	-1	
1217842994	-1	-1	
1235718051	-1	-1	
1319926973	-1	-1	
24629044	-1	-1	
1305115619	-1	-1	
1296017056	-1	-1	
1296017057	-1	-1	
355320447	-2	-1	-1	
1230427775	-1	-1	
1232720716	-1	-1	
1289029965	-1	-1	
74731225	-1	-1	
1130902466	-1	-1	
1272801234	-1	-1	
1309006565	-1	-1	
1310526798	-1	-1	
631831910	-1	-1	
100019618008	-1	-1	
100019618007	-1	-1	
1329555104	-1	-1	
1315703946	-1	-1	
100013100894	-6	-1	-1	-1	-1	-1	-1	
731919493	-1	-1	
1266513369	-1	-1	
1037312286	-1	-1	
1332401983	-1	-1	
1307240728	-1	-1	
1319314052	-1	-1	
1294741702	-1	-1	
824303039	-1	-1	
1254017528	-1	-1	
53332645	3	1	1	1	
1240102325	-1	-1	
11329508	-1	-1	
1316026836	-1	-1	
1227812533	-1	-1	
86207167	6	1	1	1	1	1	1	
37428126	-1	-1	
100013003761	1	1	
1247207707	-1	-1	
1331638276	-1	-1	
163516324	-1	-1	
100003201195	-8	-1	-1	-1	-1	-1	-1	-1	-1	
1293624674	-1	-1	
1275745981	-2	-1	-1	
1225420421	-1	-1	
1274626295	-2	-1	-1	
1075935358	-1	-1	
26513326	-1	-1	
1277807821	-1	-1	
1058217192	-1	-1	
1211416074	-1	-1	
267315480	-1	-1	
1334012825	-1	-1	
100020612624	-1	-1	
949908872	-1	-1	
1301213128	-1	-1	
1230539911	-1	-1	
1322800951	-1	-1	
1230539914	-1	-1	
275703577	-1	-1	
1302832773	-1	-1	
1238029770	-1	-1	
252528389	-1	-1	
1221505871	-1	-1	
1329533784	-1	-1	
1276322243	-1	-1	
100017911882	6	1	1	1	1	1	1	
100020621584	4	1	1	1	1	
100019922583	-1	-1	
1295721724	-1	-1	
1230539915	-1	-1	
100022023210	2	1	1	
1308035472	-1	-1	
1326024577	-1	-1	
199101550	-2	-1	-1	
1305217528	-1	-1	
386015941	-1	-1	
1315844623	-1	-1	
1229819167	-1	-1	
1312647840	-1	-1	
1289533971	-1	-1	
1318139452	-1	-1	
1314829495	-1	-1	
1336023517	-1	-1	
1317946549	-1	-1	
1303319452	-1	-1	
378523165	-1	-1	
98827906	-7	-1	-1	-1	-1	-1	-1	-1	
1307601757	-1	-1	
1318139441	-1	-1	
516421828	-1	-1	
750716239	-1	-1	
100015921280	1	1	
57901575	-1	-1	
24704706	-2	-1	-1	
1297416702	-1	-1	
100019515614	-1	-1	
1328524435	-1	-1	
1326024557	-1	-1	
1339427220	-1	-1	
1249823836	-1	-1	
1213901774	-1	-1	
100020117592	-3	-1	-1	-1	
1214110706	-1	-1	
1300907960	-1	-1	
1220142612	-1	-1	
1286140900	-1	-1	
1309903989	-1	-1	
1271828770	-1	-1	
195232804	-1	-1	
1232717160	-1	-1	
1289600360	-1	-1	
1226338839	-1	-1	
1339340097	-1	-1	
1290232985	-1	-1	
1245937781	-1	-1	
2624543	-1	-1	
711128296	-1	-1	
54101643	3	1	1	1	
69214940	-1	-1	
575102794	-1	-1	
100005900028	-1	-1	
517304715	-1	-1	
1327408675	-1	-1	
1289018434	-1	-1	
1310819235	-1	-1	
845627677	-1	-1	
1302135637	-1	-1	
1070501861	-1	-1	
908427301	1	1	
345104687	-1	-1	
839429674	-1	-1	
100017806317	-1	-1	
1323920254	-1	-1	
110133749	-1	-1	
159507942	-1	-1	
682805845	-1	-1	
1263710174	-1	-1	
100017409696	-1	-1	
1278442854	-1	-1	
1333253230	-1	-1	
