525905413
52820976
1273828695
1322107991
1297034174
1281919929
1277110087
981521796
1313403707
1246034277
1048743187
1330802371
1322609012
1246940411
272407540
1288402340
100022317984
100032609248
100006900515
1220200692
79919066
100007300225
52730862
1288819150
256105185
663530383
1278728150
514839301
64528834
1310637191
19026345
1077915000
19026344
1228407649
1294805507
100032400408
100017400541
1232215222
1075935358
452405305
100020317459
1268121806
100021600609
1219528237
6827230
1235534563
631144202
100015101662
100015101661
939225131
1288109918
100011920724
1229402351
100001619218
91925813
1277309060
118111128
267620901
38915208
1216040807
1314307862
1226202604
1279634810
117029156
