100014904489
100002418671
100008823482
100015000036
100015404664
100017419303
100009023914
100003904554
100013601543
100012111461
100016503150
100017521591
100030514175
100009023915
100007709086
100022400070
212230399
59937346
100011416321
100033403397
560710775
100013306923
1290639151
100008209766
100003204576
268529181
100019317804
100023018108
100020018634
100008204758
100013300931
113829658
100031323544
100022400069
100010418147
100013905861
100019201723
100011500483
100020417619
100020702023
100030310614
100030310613
1245731977
100018519537
100010600481
100000709372
100003804917
100014001242
100031510498
1255903270
100031207407
100013101457
100019922583
100014219461
100007307599
100010200146
100010606577
100010310702
100032000648
100022019514
1315844623
100031619405
100010216014
100002122557
100019706472
100002122558
100014019837
100030612366
100009818187
100007311724
100015321744
100011011034
100013505303
100031409316
100011416085
100014804563
100016321696
100011318007
100014014716
100006006895
100010017561
100017017708
100010902990
100020600671
100017520462
100031121898
100006102595
100015609368
100011600001
100030902639
100011513896
100031414163
100011801551
100018107406
100016623666
100006306863
100008011986
100013602252
100018218982
100015504455
100030110498
100013206750
100030806351
100005900028
100010812327
100016103634
100015015022
100012802463
100019517813
100001008483
100017617933
