100017214515
1338703943
1313327940
100016304149
114800660
100008814405
100013100894
100016504116
1309638647
100022219954
100015102210
95928425
1275911699
1275911735
100018004223
100033003833
182025938
1236442778
100018200572
100016703592
382724534
1232919027
1241222832
1286141068
750716239
199511822
100015921280
1248527576
1245011712
774140354
100030313915
1335924029
1309006385
1333534150
1312836703
100016904221
100033303607
1285008911
425523575
100017617831
784404941
1312645084
100018422826
100020417619
1267909292
1314623285
233931723
1287542491
100021304991
100017721419
100019511389
100012403044
1303230084
1275911750
180403197
100009422722
100017917667
1262402256
100017917668
1310953654
1330820585
798200907
425523582
240035511
187616665
352733603
225722607
118501980
100022023210
100015102209
100015102208
1264832269
775427564
1262302112
100018918535
1336621884
100022201469
100017617932
100018918534
