119402072
100009617873
100008215895
981521796
100031718209
100032912362
111128306
100031217566
1293643087
100009516658
265207641
1315523330
780306164
100032719414
100009117514
1331042809
1314148558
1263332671
100009617864
100032009568
100008716296
100017017708
917628757
71808811
770130163
100031818547
100006711142
1311025969
100031223009
100006316014
946519347
1269917979
1230008378
451913079
100009715482
100020005967
100006116896
1264903514
100009018022
100015615831
100015615830
66415217
1216639871
100015615829
100009315348
82433772
100022810209
100031018346
100008315355
631719415
100009315344
1247832106
65228439
100016423310
449327862
1333836877
1333836876
