280519519
100004714034
278237533
100014608267
84832061
100015819186
100005313685
100005313962
1240535378
100018919674
100010104619
100019609845
100031315738
1243918090
100001519921
100030315660
1323750105
100019718867
100032222354
321635427
190714395
1324650362
100004213673
100030915781
883908893
100009123104
100015706800
100007604559
449423173
100004513871
100020417619
190714398
100030215590
100022304636
100017917668
302921111
100001619218
779404779
100031701295
100030023928
1307131255
1336449498
306110425
100001519394
1240535389
1303941578
100019105866
100031715563
100017617933
100019619293
1304639768
1240535382
