264420103
100011412836
420906144
100006116875
100016006145
1276232745
100012319163
100009315160
1279132211
100016609024
100009909027
100032609248
100011613350
1294544642
100014812052
100032201594
100023018108
100033011574
100015700652
100022413453
100009912978
1270635070
1320941546
396904862
100033101362
231914701
1245010907
1249413422
100002119108
1283827196
100022314088
100033001501
100032400408
1265735585
100010413933
786722255
100020317459
1255901105
100020317337
100007416006
100019618275
232901174
100010121695
648234610
100018600727
100035300248
87225616
100011216899
100035300247
393513817
1297426360
329306287
100011011661
353633214
100016012374
100017409696
100017617933
100013913028
1310526798
