1309407576
1274009138
100018006492
100006009657
100032117161
100017609796
1327856391
295722119
100022002412
100033916340
100033702289
100012108932
100004316397
82117888
100033000002
100013912543
100010102713
77723987
100019921473
100022905508
100030813071
206029348
100015913462
1315246746
737013305
100011908448
100030324249
210016095
1320937933
100032522048
100022309933
1275606174
100033011206
100022211690
1284617982
819000669
100009217546
100019517724
100016011799
100016306433
226023151
100015313549
100015101662
100015101661
1263940015
78605923
1285540197
100007409306
100011609031
438406310
100033022250
100009908593
100020405244
100003402251
267401819
107605908
100021600325
100003502509
100005513247
100018101719
100008817094
1268405243
100002502713
100017617933
78605931
100019716512
