100005518599
230002240
100013800225
346932529
804903201
100018411949
452802447
100005025338
100021602529
100005612213
100033105039
100015205145
100022219954
100020312859
1337024707
100008500899
100009815705
100013501006
1287108339
110209778
100016811220
100007300225
377808837
100020018634
100016112884
100008405795
100017711232
1302103857
100030115239
100020018706
249804139
100005119191
100020117592
100005410720
100019119321
100015404121
100014602500
100004025186
1323240257
347217357
100014402095
100020417619
1280537339
100009521910
100009405385
1291007263
100020502572
100011716485
1256924748
249411951
1291007228
100015901678
100005025340
1330244573
100017017763
100014408363
100006218319
334908184
100017016599
100031015277
655900950
1299628787
100018512139
100004724888
100020902550
1309822382
264203969
193803065
100019006982
100014418596
449111061
100004324878
119613910
100017617932
