277642100
1286030959
100006503592
100012804374
100006018606
100006119278
100007113692
100018218921
100014211485
100006519300
100003208597
100015902000
100033303338
100020008780
866922518
100005820106
100013211921
100007219259
67512185
1241429665
100004913093
100014800273
1337426834
100008911388
100033618280
100018015460
1293439504
100030108443
100021000003
100013216674
100018519544
100007819231
100030520369
100016716344
100033502299
1329935970
100009415177
100013005912
100020410738
100012304292
176002181
1309720831
1292823524
100006519293
100018918412
1306104878
100014116010
368536397
1292823523
