100002401436
100018908332
1300252106
1331925664
100002401433
15020473
100002401437
1168224009
100013202407
100022922772
79909598
100000007490
100018120968
1318042105
1317906387
100021600470
463702481
100017617842
100002701868
100003501483
100016905826
100012013723
100003501481
48723836
100017217653
1288936855
100020018634
100022021366
100015800936
100008215440
162415430
419926455
100008815333
100002901464
1288924515
100002201442
100002201445
1279912308
100002201444
1276617670
100003201195
100002201446
100010101877
100019119321
100009115485
1305750355
1012101645
100018100690
73409028
100034200733
206704477
766534863
73409027
892930743
1285434391
100003101565
100002901455
100003601635
1278738776
1318825312
100017303488
100003001279
224112642
1326046296
1275911750
931015468
1322021466
100017016599
100008416199
387400823
100003401158
397118511
1279031829
100014720543
100003301192
100002301237
100003101556
100002001042
100019517813
100017800931
24720117
908427301
100002301240
100005914033
100017800930
100009516500
1265735669
1323920254
1325745882
1240729694
100017617933
280302419
100009716015
100030008199
