100033302252
1262301804
1291511659
155205329
1338916234
100013100894
100006021829
100008003253
100016504116
1332225985
100000712132
100006823184
103015655
1246401974
98200481
100015401509
1334520058
1326322002
1315237712
100001912248
100008703774
100030708835
346112513
96509085
100006522482
100006522483
340422620
1246402014
100000908676
100009405147
1327329192
100019517834
100007522264
388518246
103015642
1244110979
1324704248
100019302202
1279817182
1274507608
100013822197
1322012918
1339018263
100020317459
308507185
100008703800
100014907373
1336839267
1322533649
78307185
191301302
387330427
1264740556
100017917667
115533785
1334123576
1301819605
100008203447
100031008863
1241910618
100008904365
1324438401
681409405
1326000540
100017617933
100018918534
