100033715995
166926760
100014501303
399228216
1245802361
100032415886
1247837015
1276109166
1266703225
808521889
1242229777
598400376
1287519499
1242605111
1258331044
100001107830
100032315920
119334588
1322216289
100021202070
126204830
100019716260
100020018635
100019109574
100033515537
100019613205
100003300797
100033507630
409529456
100014712435
100014412873
1004523407
112630976
1276911999
1268130684
1275031777
100020017276
100033615650
100003703476
1279412369
246318252
1290112892
1249028449
1282600689
100018319496
1244510063
100003417609
100019607889
100033416513
100018314126
100017916254
100017916256
100032716042
100003603697
1276109250
100017916252
1258331040
112630928
1315312589
112630966
100019616658
1267804987
1242229766
1276911998
1318421559
925424626
1276911996
100019402996
100033803139
100032615534
100016814222
100018918535
100033915327
