100020700221
100033823102
100017619278
100017619277
100031908295
100033823103
100020203861
100022605418
100017218955
100033323032
100033723267
100022219954
100032620891
100030608189
100009303242
100020417481
100017019200
100007522954
100005409948
100033723264
100033522785
100011506253
625601209
100033023165
100033622793
100013102526
100033023161
100017217338
100033023160
100033622900
100022605419
100033123173
100033123172
100020418963
1305728387
100030015418
100012710879
100019619555
772330808
100033522655
100008416065
100033922523
100021600609
100032322993
100032322991
100018219836
1336453899
100034800106
100032423297
1335525399
100032423298
100007822916
1294934847
100034000150
100007322897
100030612370
100033923100
100019018515
100020314611
100035500515
100012804562
100032523020
100033622894
100033723277
100003017160
100032622742
100019517813
100003314093
100001611925
100020200043
100020119115
100032223258
100019319170
100017617933
100020501050
100034000144
100018918534
