1326631467
63702470
1328101363
100015704645
1334445915
1337746584
1335605283
100021411107
81323913
1233621050
341906179
100021415553
100022904940
1303149116
1324019361
100009420444
233838654
100001414704
1308015626
1337933700
1244007521
103524228
64220151
1275542449
788113606
100006511476
1301731591
1278232798
1264025283
100020612624
1324145839
1279513195
100014613720
1274202806
185408020
100016103472
100014712986
1329515539
100000712637
100020621584
100006615553
61727468
655309169
100016421535
1289733754
1296144659
100000806349
100007410413
100014722050
