1251508281
92617197
123900778
100002102666
100030615114
100014823317
1332303327
1262603729
120737577
100020314167
100010416993
279408038
100003211085
100022219954
323033647
159319509
100007706490
100017618817
100031515209
100001718884
100014713018
962305858
24709128
466923689
100015605713
100013304181
1000606280
100023018108
100017319928
100010117768
802207441
100017217653
339219573
100019517834
100031708138
103443303
252025012
100020319360
80715284
100003802768
1268016533
1250002737
100004522145
814137664
100001706758
257408198
100021323106
1335601067
1301501245
100020317459
100006713664
100007023595
100020417619
871208954
1303123229
100007711022
100022000532
100018519537
100011517046
100003321068
397605951
100035701866
1282343156
100000020399
24716156
100006513783
1302245845
1302245846
100017917668
600623850
100021501686
1310530168
1266634627
100022304434
64615920
1314433176
1024421646
100001419105
100016223248
1299744587
360522012
1270426880
252935152
100018918535
100009716137
100018918534
