1283437382
363634774
1295142936
1313135833
100006214623
100022603232
100022921636
1236839304
358127988
1264112394
271709065
100003210074
100018707557
1304633739
1313328001
1273927179
1289020548
100018002600
100014821543
1260538594
1301444934
100019717872
100000706154
100001911350
100018717445
100014406124
1260104278
1264807953
53408823
400335611
966634269
1249028451
100005513828
1322143038
100002113003
1308640244
100013814640
1288815755
123031238
1293718292
1297647328
744326446
1336413960
1290347722
100018212603
960138375
100018212602
1331237543
1305340167
100020317459
100001111345
1289121546
1304334909
1318042526
124718877
1335903419
1235534563
66413878
1269236495
100022400376
1243702904
1338024738
100000711342
1241225466
1301046237
1279132317
100001706707
1333332514
100019608059
1303404001
1275431690
1338703579
1336623232
100016900115
100011313696
455627891
267522515
1278807624
1333046598
100017006493
100020306311
1311402138
1326837107
1311402137
1262603288
92423798
124715272
1309918427
100011012950
40600085
100017617933
313312377
100018918534
1293818967
100006011102
