100012205862
100001705844
100010618221
100000218512
100015916163
100003005383
100015916165
100002305274
100003905921
100017508093
100012419646
100021202300
1254600005
100030709033
277101927
100032003945
100002605018
627906753
100031516931
266505493
100001018508
100014415310
100016513288
100014415313
100016112208
100030106733
100010000207
100016214397
100017805016
100017805015
243218724
100017805018
100002706080
100013515527
100011222167
100016508927
100002005336
589529478
100002005335
261821077
100003405347
100020018704
602022276
725832441
100006120162
100002605020
1277309046
100006920396
100031909001
100003909864
1015722069
100012021878
100007704609
100020317459
443326051
100012710275
100003405348
100003705605
100030013594
100005116765
100020413817
100003705608
100017805020
100007419320
100008705152
100011711113
1278441910
100014917349
100008118619
100009415416
1300505441
1287602324
100000009498
100020411241
100007314497
400911407
100033010743
100017017763
100017805310
1249121058
1275145996
100031111000
100001618485
100031506750
100020114022
100012219244
1336726946
100006313044
100016609051
100018717978
1311652143
1249726034
100012719192
100014007136
