1339340111
319507691
100030017014
1319619137
319507690
504508602
100019618007
100019708015
1250101568
100020801600
100022317984
319507694
1301746150
756721795
100004713830
100015303414
100031017031
100010305264
1318934464
268526357
319507688
319507687
100030917120
189127774
939325772
100020317459
100030703510
111237129
100019517725
1338139276
1280742622
1291804726
267823412
267823411
100022302939
610908627
28001761
100017917667
406221472
100017017763
30920924
100023005356
100018102965
100031817197
100031416899
957909470
473510284
100031817199
28001757
850520829
100020106807
1292905488
100015105993
189127781
189127782
100017617933
189127780
