764816659
1238620375
1306243062
1336028213
1322945760
155115243
1261940247
1334429702
1214910384
1305216151
1311720630
1280229677
1314433242
1280719308
1268121789
1332516583
1261304631
209924394
1329802540
1327054717
1215528127
1335329088
358940187
1331523722
1306530176
27904465
1319425996
1286740935
393526052
641820976
331629163
332308233
1298728309
556804806
1323637818
1275031611
1305340165
1309638230
1223703840
1336112736
1302837032
1066231038
691811602
100007506049
1327108117
120822891
1265037824
1260813132
1281530040
1275604963
1275031500
799023783
100017016599
118111128
1323133566
1326426297
1292328987
241013253
1325625956
853531715
1305827605
658712785
1268421557
980434565
61109650
90606322
870223561
1285209083
1334907078
97627890
1320317312
1330942306
1318042505
1321609128
1089125714
1304527602
100019618173
1324439280
69921001
1326817183
1299334427
17015352
1332222348
1294930220
1307232903
1301724625
1307619565
264341443
100001916568
1232121589
961234223
827101064
1314630992
1325746073
100020117592
1338516548
1322047542
1325038029
1315403703
1235740697
1248213597
1308752536
1241314923
1268203743
557405342
1290347918
1248127820
1257301092
1313204070
1215702900
267809582
1215527697
1238620346
1321132852
1216209974
285703498
1167814280
1254708460
1312241580
1289538977
1272019088
1295619765
292507890
1275031790
