100019116670
100033710661
100001105528
626129124
100020113614
100004013176
100003907227
100013100894
100016504116
100033810114
100032810786
100019005205
100022317984
217013925
1305313037
100033923243
100017613680
100023018108
100017217653
100015615642
100015420240
100001221564
100019618148
100032211343
100012319557
1330241792
100020117592
100017011293
100032609677
100017617831
100031124264
100033317967
100020117916
100002900960
100032022288
100004218617
100019619362
100019918333
100015420247
100012403044
651012040
82707700
100020113608
1285434466
100019013185
100002306578
100019517813
1336510346
100003405088
100019018282
100017806317
100002403598
366035656
100008521542
