0.4513433997734499
0.2375084017464247
0.314144396210416
0.3930673576073627
0.37611346958001235
0.2927735484089437
0.3452140893711226
0.34057366940076056
0.21167846348717692
0.37521346619863966
0.22617057215727576
0.17146901053586505
0.34462341610084696
0.28184268307487653
0.24199104590560602
0.2846013541388177
0.21998722092652634
0.22405101113668546
0.24081870945633038
0.26103051243704756
0.38012595546450906
0.2503162172602578
0.24366135095105432
0.3077681357636586
0.25526365736197304
0.19165558286382472
0.27020696337549127
0.23098825943834567
0.2037571418024913
0.33897981767171503
0.2467403735092673
0.24193602140121764
0.2687708479031898
0.3479446594445533
0.32029027267529137
0.37421651016922586
0.6462819392677164
0.29000686545504584
0.314568510632182
0.31561876704189723
0.48168460500823224
0.3507687730120285
0.30353235444270116
0.49578765933122204
0.33205096409454377
0.2833576203366892
0.13323466866228137
0.42472787895293224
0.27942038276470155
0.18425886865102922
0.4386023281946264
0.2997974774601219
0.36562700632932466
0.302809949622223
0.43702471058066505
0.30007647095710244
0.27810452644052386
0.2015208485947603
0.3197133801186088
0.23054831991600294
0.475674895691131
0.16812610310898723
0.16069563872852002
0.3720381835360223
0.33522834794489004
0.15799464529588828
0.25713298044394695
0.38429558254825913
0.20517379282012907
0.4142402570075051
0.48133959477220195
0.34483287015487196
0.3670010866879415
0.2224836530246174
0.3118842692930988
0.3246277546831998
0.2629977754709199
0.5824149726945516
0.20806674477848552
0.25683989288716824
0.23564385175987881
0.3899326073310535
0.18514038097920185
0.16719402439030556
0.3480018373708199
0.20992771569614285
0.19777683685492495
0.3301320046385597
0.3025635134160264
0.2290460167629578
0.3324274997129037
0.45530621345154243
0.4180246419206284
0.2027988387887717
0.24154998520567306
0.30530955763781786
0.3216059120690616
0.3348825605469118
0.1545199107764819
0.34098470975341805
0.25377574087688787
0.21983042681589446
0.2870217286567439
0.24472672516735203
0.26293276244233565
0.27923243628439937
0.20742375614795386
0.3805593794496961
0.43096209665869417
0.330836598304896
0.3580036721275947
0.1970591965084131
0.29361900048856254
0.3463234979740318
0.18311363318526103
0.34688731574339093
0.3262915126669021
0.3784351710560304
0.30400281683259645
0.13909278379900997
0.3455449182009842
0.15615677664951752
0.2490770142869279
0.20656335335287512
0.1785675024874643
0.186567564500417
0.2643874495523361
0.2304164865020716
0.3808578249367811
0.3315434725821916
0.2510004964048693
0.21513864153092968
0.42226126582358614
0.3068378078672826
0.1439531006185339
0.2678928407030428
0.23769863834081115
0.16454972737118018
0.30611766613302976
0.4962655909127599
0.1707904651582923
0.2755846707388322
0.1838563229013882
0.35856264824444417
0.22351565538400978
0.5163775829530745
0.414310783609384
0.34699421002725156
0.25749747379634397
0.21839308332740903
0.44752675813397774
0.3007460746856323
0.25394721208946364
0.2153661647482402
0.30599881481563845
0.21487042358247563
0.28022179779298245
0.17485458899337766
0.44216422476871753
0.2961176162521363
0.2766951370057774
0.25635431407038006
0.3550379745822219
0.19902640889716086
0.31393187313499726
0.20129185356580861
0.3227822654098563
0.3513070992340642
0.332969360179398
0.44163482504166585
0.3003056597694985
0.6399440432259674
0.33481207662071605
0.2821853359312059
0.41106392820061577
0.28798425037809094
0.31204119522680784
0.3975421422898442
0.36361236810611053
0.34787924583500174
0.47055757855259933
0.2372492334485794
0.25390129955992824
0.21166506519270434
0.33759734483534526
0.2300329120208175
0.2578444678975873
0.1631422246413019
0.27377740892051383
0.24907386345976276
0.1959022668862109
0.33686667558876693
0.19596581054982695
0.2382779608394115
0.4338456861515583
0.26792436090837896
0.30516359308030977
0.36263486447936094
0.5479870145230908
0.513588549837818
0.215220163333014
0.22702977022293963
0.36512503837557053
0.2983971503639349
0.2676596008717485
0.43313340244588594
0.2943057074222703
0.3134346139161569
0.2674989005418234
0.3487085084079176
0.7404635524181319
0.2626557797604505
0.20563083506752067
0.3026526496519668
0.3434687366932287
0.29056049427154707
0.25024293335398096
0.3037357853594312
0.2640106129799271
0.25818097845982646
0.3025241121522106
0.2713401452020421
0.22849617168163874
0.25589137809277757
0.20570401641440872
0.4301900826662976
0.2770145489902333
0.3194045839263537
0.2290742667583945
0.21240394495308335
0.5551962924473346
0.23823259983629277
0.2508860199178481
0.2222655857092679
0.22831614596505861
0.23482425746744887
0.3771696333877539
0.26219026940094275
0.3351527471364776
0.2871241728904573
0.3256415570310398
0.36851805233296114
0.29497244349261703
0.5389012211143878
0.47236862861208895
0.3567281825687421
0.3060895863165386
0.2527817073182791
0.3127485510120589
0.2511671228047157
0.37710910446894996
0.24612800424966777
0.29950917691831613
0.33333493095412264
0.3441617056732098
0.238735705871989
0.5096409599993478
0.3269915012759504
0.34688569542425135
0.2967178168934692
0.31212753925903236
0.28637869069791116
0.27109017157674353
0.28789621384859165
0.17650924086249425
0.25949372292209244
0.20451408974974794
0.23599592569958885
0.20607252795109202
0.3238229546233344
0.2841688877024405
0.24238442636604252
0.23149801527938463
0.31414092299031576
0.19618858317979973
0.32768508768511817
0.20705068116441297
0.32091801319644975
0.2642585278893805
0.2855875535722479
0.2263050705410169
0.33744013898967057
0.28559728652871946
0.2151768343328192
0.37369622842216743
0.24530781419690104
0.2767678153228853
0.46493478451294185
0.667497168898602
0.4754010631776419
0.2641888920747583
0.23920019931223108
0.27633139358386843
0.3010145806312358
0.3156124069632651
0.3148816426634214
0.28006896949202803
0.3614904264135982
0.3314199759689172
0.30556034511700125
0.40220512430912925
0.24679368304360116
0.27662944847319376
0.2725966286151344
0.3398112921416226
0.25341669118085336
0.6752057683251905
0.31782337839198305
0.26116743168816003
0.22501981423546225
0.2931314657862034
0.19580367976809407
0.2474228935827866
0.4944041276384728
0.3159670609200778
0.3861664304383178
0.220474660636828
0.18268771469837422
0.21883399181602445
0.4068871522719216
0.21199831330333987
0.32213117641057326
0.5136577420655407
0.2284350031924545
0.264652260797973
0.2766347900399303
0.22898775179338945
0.20739149419581926
0.23992201539275393
0.313688524964995
0.4053689650707722
0.34688367393495684
0.21904321888968528
0.2834921238839462
0.4065756575721226
0.1927168656941827
0.3349024689821867
0.32693820969237036
0.26085968628529843
0.631263820401933
0.6021481702988543
0.3801818217408792
0.2389952426867938
0.30130625044337045
0.3522058822934758
0.1879458592103454
0.2677062202179948
0.30682322442751403
0.8264622577240412
0.26607366469239446
0.17305179733047013
0.3983120465245389
0.2913170342178305
0.19658505647962313
0.27361837767446234
0.6327123102007108
0.5769661830647108
0.33977854508677285
0.3973571635303424
0.21711069000834643
0.24215024229194804
0.22240763935923194
0.30228174270098707
0.23529473277933757
0.2248523043302202
0.2913306961812032
0.28315048150928973
0.277779855356575
0.2678389409191868
0.14340771231632946
0.3027388677724519
0.26851766834541085
0.22013571206755483
0.30845011026598435
0.15674784138141645
0.16364441374383928
0.4022958839165614
0.24370364803310865
0.2218112690097228
0.37135131210043654
0.3926081177152088
0.34775238190298974
0.35737982140732444
0.23664598766954462
0.21920528984663015
0.4435793308902065
0.25256024019494666
0.31914223190607877
0.2850010991627939
0.2640992934164113
0.2594495588273995
0.35965063016552873
0.3259977953080291
0.2813365941744349
0.28557289239969386
0.2932507194711911
0.2599921075227702
0.34275044385349507
0.3477989649300092
0.3519995815712369
0.3227833997054565
0.3470188349142885
0.36649146907680563
0.32731844879107125
0.1985209977707135
0.17969521895655896
0.3315299588705662
0.3421922274784141
0.3148873872310036
0.29415210297459976
0.26909809141488505
0.19899576656866053
0.2362017541389751
0.20689566071467666
0.17879146678247662
0.2110668829953187
0.26044223557386537
0.34306721374133564
0.39018202778492433
0.25678960483839736
0.32176474248078046
0.43696292513424423
0.3416916717467247
0.28599001133235874
0.40927655334295604
0.21134913503108144
0.4455002490649837
0.22783170252955545
0.2282573398665865
0.20069470208248066
0.17520917315434775
0.35106817875298646
0.283882064600052
0.2367178265429568
0.3260662000694914
0.23257636908157686
0.25242774369181104
0.28980557345094
0.538532142477756
0.6069084836594536
0.49823792746185
0.27849007303573114
0.37037915813437855
0.29317140159689103
0.32992300232640487
0.2762570487485116
0.6235985184897617
0.2487712879745008
0.34436716750973356
0.3266708561351467
0.22262883235287986
0.408711645851153
0.4116706963726052
0.4113045487344613
0.29465411378706935
0.27697764916527035
0.3181359288610742
0.18107629906116607
0.27119758625534945
0.45863606363997567
0.4518491710964153
0.23731563478803405
0.39548542516461116
0.2682143739498159
0.27485632275226457
0.1784715132976864
0.23789092833675624
0.8161863835379224
0.3254842021934721
0.23650154318209515
0.21393295333385598
0.2548119228750817
0.26783564932932996
0.24649571613146806
0.423326301962456
0.34303122549944237
0.41547366724541746
0.2216324374666855
0.24128470429163576
0.22669007552876633
0.3856100201400764
0.2790498749355811
0.3245670929015934
0.34616911483786333
0.4645988553074233
0.30582221472644705
0.20365938006011394
0.19760761523874742
0.2298155978135076
0.22233766493977866
0.3132910544037124
0.29032218591485326
0.621741841254779
0.4922599528987769
0.3908815814366051
0.3444181275139554
0.2602140089249877
0.18270964851948807
0.22510669375831924
0.33018791584802104
0.27718429976243486
0.19666974189193853
0.2870973759750771
0.4043941258365137
0.4058207988309706
0.5111396196952428
0.5248501853190062
0.5533768473597127
0.536896536776574
0.5117962182575139
0.4779533651618563
0.5734709548878052
0.38968785078935086
0.38417557276346914
0.20725950934940224
0.4003452750563826
0.19636994385659642
0.4965099378222507
0.5321404163924025
0.2372876203851093
0.3552613679894674
0.3169985463102548
0.2768831953473562
0.6263904937934539
0.3308351256309696
0.16920678130626496
0.3140769155008566
0.6130280066761581
0.7082845007974087
0.49847653674778286
0.4441501669724014
0.5953942118772125
0.4782821239600734
0.4304081740816648
0.598131453366585
0.5063368111196498
0.5521698178928197
0.6678452023026604
0.2869626332041283
0.6178374357508125
0.4003638406733327
0.5353878968125063
0.13009188008540948
0.3808967711850897
0.3807104633785411
0.4903960052272175
0.5295910360166726
0.3805948449957686
0.35202027289391236
0.5881677325582898
0.5236768549988063
0.480014286811965
0.3166964421542044
0.2897322529364599
0.29206285436161716
0.41060624825750036
0.619707432772232
0.5734975955576698
0.44692464471500115
0.42403392936162976
0.3244030039590394
0.3847799928507024
0.6290617253935643
0.44316277810819676
0.213610168603797
0.22410096596824525
0.3699327475229173
0.4526540620886789
0.21036381908566906
0.5205550718992888
0.23920613049235634
0.4074034856538923
0.2493013714421946
0.25561386619498805
0.16662540316372498
0.3012842294432061
0.3829754902956023
0.15662169717469812
0.5793594069875712
0.40646332312983807
0.49935874785496115
0.6041099734231468
0.5372117055507846
0.6380525028720914
0.45173218292070066
0.2400861492102471
0.5856311252701728
0.2536445106160596
0.43666161722828023
0.29747886461257844
0.411033511144775
0.2126759820941536
0.2692219334963011
0.24020790419132068
0.39975767442947796
0.4063284973599681
0.3814410292422138
0.2928640177072403
0.2422782167328891
0.1993453528948633
0.4233545187957753
0.2549787716807985
0.23880132257029044
0.30406532399643726
0.29603925223571137
0.22325173377559773
0.466490111769741
0.45309522117490864
0.5312000278781437
0.5186729413218489
0.183153835090534
0.5406476360049557
0.18344880235592356
0.2717625824989021
0.40074742161079746
0.4234187376048208
0.4297200341441335
0.24828606721962476
0.4259777146066292
0.5937883714535452
0.2048680136152811
0.5271988117815729
0.5936939014339336
0.5324752475074009
0.2262337530277099
0.41937254980922545
0.36177408083061136
0.39892348973472624
0.4289133557559059
0.4604773870074295
0.32416923669170217
0.23316022883104104
0.3368570379685239
0.274257794593004
0.16972057682121203
0.260166688674228
0.19444112128346208
0.2994848184888188
0.34401194988188405
0.2328501396852847
0.29334474302362445
0.22697814122567597
0.20037370321858067
0.2656994421153664
0.34339637473993695
0.32521510189831654
0.1926814539534503
0.1633565887830001
0.24678286694242893
0.22461353387312946
