0.3404783932566638
0.1919838762297847
0.27948549353751967
0.5523601609086094
0.33471533239334667
0.28213799424467306
0.33922174685814604
0.428880406864617
0.34388389665173114
0.3200720364558135
0.5183483239302624
0.21648247871208764
0.40759520773957275
0.6169888115637154
0.45853370169814306
0.4744620527916413
0.40070928508850007
0.4684169154114279
0.23853053748002342
0.20143479266268874
0.31468794070500383
0.34486117772058433
0.2876666769874217
0.25948277861618685
0.21047135813982862
0.3776924964554459
0.31679743780108394
0.2815907083923481
0.22337981758574765
0.318136487751877
0.807859788250157
0.3706026839305127
0.3657287326125284
0.23656237182309178
0.21262486044178647
0.35214295544718605
0.3266836029033325
0.18403512355086185
0.3804171365935266
0.30793062089647966
0.2827730958592708
0.31026316594946657
0.2472545116796979
0.2726040156366851
0.5353069808491495
0.32096844918928313
0.3507735948986435
0.3705604912792735
0.32360416375761686
0.3531094121099152
0.2825777242977383
0.21746698590151448
0.2636059742450076
0.3508044488522166
0.24455144764406608
0.23694353213873953
0.28341196806345154
0.3109372210003696
0.7145638760184991
0.3120401230841636
0.27667583914953797
0.2223120353335662
0.5237281042330325
0.49361335639826814
0.4620350815781715
0.3991906752835197
0.3351906175630132
0.27489829336638927
0.3675464359720819
0.5262829744629784
0.648375409918163
0.2849602299069266
0.6414886311610838
0.2458962451639117
0.28232453025105847
0.25783462888668074
0.6026140599698293
0.30235240178962774
0.40549426970978886
0.43164601480419673
0.726925288554194
0.4755139356096441
0.24155984439988037
0.16832240521072306
0.5314207494371711
0.29140387548221297
0.2255916237475302
0.19568126826493723
0.4470872669499153
0.4155174770527521
0.6365707702168989
0.2358017656887657
0.1821332424925513
0.22669938237180798
0.6907084489905156
0.41771060706618807
0.3714480839257388
0.22250038514308768
0.2538888204273669
0.22008946113452263
0.18759826924250242
0.38434259330650317
0.2698693608707531
0.3123365056034293
0.18415194934411716
0.33524749143177957
0.30772618019918674
0.41504894963789746
0.3446198837192352
0.6137506273330817
0.23418417343146172
0.3558325075907746
0.2689704966175539
0.33757825513265355
0.4885217234075116
0.2583521593168743
0.20196110157791688
0.2621123882804908
0.5101957903310014
0.689932129435764
0.6630633639009826
0.6350271376183011
0.26214601299274415
0.541608465815558
0.31522715828949516
0.28407367021347746
0.3781907924633226
0.6486878415815287
0.4528416597628942
0.40775782913439695
0.446370113040778
0.23380084789655617
0.3452351072954799
0.5989970597122727
0.5614837527174321
0.4172434551006582
0.2867157313797057
0.42133057974158933
0.8353588053553702
0.2527636630083068
0.40325933814095155
0.20471125490702646
0.3880212976972773
0.2247987450045978
0.4596657570687966
0.2253664447299904
0.5860359394265274
0.27016830124754876
0.2227787382189347
0.4551931102676632
0.27773517283663907
0.2796337815364463
0.3653722082029622
0.309543223372707
0.3061610337015857
0.435783044563132
0.2606038756467686
0.3613020441758966
0.2924094875310476
0.5533381957868517
0.4127909925696214
0.35966954238202137
0.3124096259686001
0.2120193488442524
0.7830133309161174
0.8526663587898312
0.6633609331190761
0.33079411908544165
0.21157702838385745
0.2889251357135609
0.43586992717803763
0.17860967802231797
0.27648105474107937
0.23329915495384143
0.26153336869935895
0.18706498632824758
0.4946330683313476
0.30584445698242047
0.3206982191290672
0.2848284199971639
0.4697554965993259
0.3278731481251397
0.49342497201713253
0.27630441716837834
0.24991027050379458
0.18617632093977968
0.4966565795875752
0.418903643817179
0.3779314396875274
0.3162634020622838
0.36336925591190644
0.33332825281747086
0.38140003594158783
0.37943977450193195
0.29446217859667756
0.4342093973396337
0.38485202384588674
0.2889012204890201
0.24218773697197996
0.27314509385995156
0.3625762866871253
0.3568429951115384
0.2869950358342308
0.28372939841032735
0.39943440602787755
0.343862484070195
0.22007689456418458
0.238567106284666
0.20397024711415115
0.2893750652585669
0.2378587413720773
0.2889170886483586
0.3262028937284775
0.3426875677326148
0.27935585485482706
0.6348707836366053
0.361836896130695
0.33933595722286436
0.5508044036996005
0.5202396226563197
0.4929563357090687
0.46106918797507535
0.2953692730408508
0.23881157321443078
0.3876928938695384
0.3407921104505957
0.2780263069275635
0.3937537885179322
0.32054069269164437
0.31466673163647574
0.3182910044333378
0.2515659249241344
0.31087204305753147
0.34711819643901615
0.40786325948949
0.26775181856591534
0.3683675778637539
0.4216436469052154
0.20115606715056406
0.3761069299284619
0.46285293487566825
0.3199357668507982
0.2620392814607116
0.3019930597480086
0.20258326570295632
0.4035975459872465
0.3606968949018594
0.2613335359730541
0.282250062046413
0.24686222285308881
0.28910309026257824
0.31210692835355996
0.21143609699495028
0.2503460135972189
0.2665479375251998
0.23085668104627877
0.24777495986527048
0.2906137585221718
0.25779732954657913
0.2630714993046973
0.22773138522438643
0.286021264714073
0.2767400487091559
0.5029384224507988
0.31699367116253513
0.37981696561155737
0.36521659179828087
0.2922294367212859
0.2836960193703247
0.4442991177833657
0.3107048891765462
0.2836836116216172
0.26019499733848556
0.21040511816783833
0.1907434152585766
0.26517774152027174
0.5287240861882567
0.28563735683010444
0.5573995483781524
0.4156816230609922
0.223202766201641
0.20023710456642424
0.18082180363653524
0.42203588932255737
0.29458450438195616
0.2839993585462748
0.3511070291392119
0.520063665812099
0.3611855563020542
0.31655578163741543
0.27151050134955074
0.4373126265374513
0.272430925124786
0.2359643236313111
0.2156041721904078
0.26427268002103693
0.4954250060749622
0.4199706575351761
0.27983461125452436
0.2631634761230094
0.671845351767274
0.5858229058037193
0.22976969236139835
0.2871555991500405
0.31689311584629903
0.2833587184915817
0.2538304527621086
0.36944747533710565
0.25377494837814085
0.499781764811683
0.4561853327578743
0.29047833420601077
0.559829802759202
0.2128917798911818
0.6160459106827132
0.28260878386441823
0.26986650715703436
0.4997743553299391
0.4584169265056709
0.43664750815352926
0.4074350580207028
0.21722052392549693
0.38659816106402084
0.31109159327989255
0.35702848797169784
0.2139017233120777
0.3722913352403038
0.5100541739261119
0.2411201428725358
0.44771977928497214
0.3924154277349336
0.43721670967908244
0.3530740340897941
0.22589531433931742
0.42654566823436857
0.23419978387986534
0.4154118972824512
0.48586116007327773
0.24110581485754418
0.3907269481479389
0.7498042558680508
0.5888361161544194
0.32337897944582017
0.32653158120113945
0.2393684959663382
0.34721087861770494
0.2069314406751627
0.48055345853958736
0.34171161216499313
0.4180531965558576
0.3363037514425633
0.22680032474919443
0.5246502652282349
0.3086270709566903
0.25147810864463205
0.38230380794848184
0.2640315797633744
0.32383089714034935
0.23828034979047083
0.33009819805886187
0.21822459345502246
0.20471286652352969
0.5142096852284347
0.28862645690733457
0.2864173808393739
0.3471018611026401
0.2810745962137294
0.34128437801468975
0.3190412958209579
0.37926972007609155
0.24945002755726994
0.3560846068154953
0.3713615999513046
0.3040135335085533
0.3715477475176435
0.43239941099133694
0.27497917075108136
0.31471084917896397
0.2873944485217253
0.2002305097968316
0.5766498599140563
0.21796813142708282
0.28769758769010967
0.2728096873906695
0.3243128135923966
0.2329851595692849
0.20184223962626413
0.3940448388489655
0.309702940328261
0.35219760805419653
0.19268630310923818
0.3966809948363116
0.24433681515110822
0.2188248138714407
0.22998518248704025
0.2964961177422836
0.24687261723944917
0.3500330929334569
0.3660184927952431
0.30952034593450206
0.29472757035619945
0.2442625253086674
0.2719295451012205
0.6932175277237531
0.36069751971275993
0.3468577810151117
0.2964150482971674
0.47622410090106687
0.41036001662232896
0.42420762568982456
0.26810294582466737
0.17927558417066466
0.20739912580528655
0.16263886402002137
