0.28618808844500315
0.2307096466305558
0.19717832164047847
0.3039442169563511
0.398773141707149
0.1778550776806371
0.1959771226061208
0.24612998955568752
0.3827972851455335
0.14575455726397826
0.5249086027556775
0.21665775371580848
0.22670671686985894
0.44615296633119284
0.2689946965121576
0.4521605350195637
0.25278579348927804
0.3083373831415102
0.3044375599502143
0.27025205929995677
0.16262485984122846
0.21631746567016272
0.4270602071816456
0.3513994146235625
0.28045599319681613
0.2971695495427568
0.23139084685441974
0.22729957662558192
0.2946276788770311
0.19657501888181086
0.21257678700444113
0.1602560325381353
0.3018440965133614
0.2334307116920184
0.29317257493551147
0.40802609864244843
0.2855534246061858
0.16621873234762385
0.20644183053266113
0.18645979404215
0.2798206599234449
0.27289922555446244
0.19983508848694514
0.38886188806430977
0.24369976830195356
0.21151295840179346
0.20532538143115453
0.20534811641231726
0.22242929884234428
0.19019475330520427
0.25035308861259153
0.21686682543744648
0.2965015828652429
0.21573562112170908
0.19550056565942572
0.3045211976835762
0.3020342039722048
0.207340905933458
0.1913694470420558
0.211236723042888
0.21821101004262083
0.2129172065170298
0.1627558808712606
0.24448891837784742
0.20434959477105358
0.1888011668309834
0.20303056392959207
0.4502297841703691
0.16499662428799783
0.2915609574760908
0.1510507336581618
0.35272948131621545
0.23818753336911036
0.8478440198296027
0.36373506968617936
0.26822003965278735
0.2853006908602488
0.1747692162856907
0.279365671009458
0.15404089798592055
0.2889568577723396
0.2060160300016063
0.1889525441993608
0.25908080637718134
0.21802108980239657
0.18339317768195465
0.30799875188441117
0.2918070811105022
0.2981630427826813
0.30746785330712073
0.2348951555996814
0.1819265131860074
0.3342158486333859
0.3066756709247134
0.2090250340105327
0.2959858351716737
0.24019295940763263
0.20318507843031164
0.3563204251276863
0.23032201952599995
0.3867832757576199
0.2531237689157702
0.23070662809804554
0.3174142258649288
0.29755846883885195
0.3321732227733025
0.2490128784777179
0.2172959383502201
0.14963241978003014
0.22644949708611944
0.24170233215172068
0.2889415467485692
0.20066558797790485
0.44089056565231344
0.33327191309596144
0.1929307274899086
0.2067745023978975
0.24151032717475465
0.19458853309693708
0.22151166334773467
0.2344469844864923
0.1750046331210667
0.31304472743417344
0.17943166158220572
0.17844886499999651
0.2531646783338687
0.26175618302662407
0.20126077344298626
0.674368271829192
0.2355719318603678
0.2150522601121564
0.27624875056927833
0.15489035872009965
0.7743398390135217
0.24818374152313089
0.2753094468492279
0.23525045984142134
0.2561263953751952
0.14702243716895122
0.4022745755874352
0.229783698140398
0.17055187388760268
0.28837917390376266
0.19013889365463008
0.34762046642108585
0.20622245408795195
0.17816983446669388
0.3025022171135578
0.187814367031412
0.1617439347035136
0.23319524068304853
0.26522908002449264
0.22348342693643777
0.2213054854708855
0.3156149462641432
0.1934836356865086
0.20993468198665582
0.2196950470121874
0.1798829474629703
0.1475216452170724
0.20816859359167758
0.23209235137114342
0.24249242162731205
0.24150469566937602
0.21046905673182914
0.1693972937053666
0.24279184188587988
0.21640644633241038
0.22103534995461452
0.2761450443769994
0.19550104292582327
0.25560288732289105
0.3051061017154577
0.20630346581511413
0.22417547627616513
0.3860845103019869
0.3083848122260773
0.22844346417206943
0.27922371217699543
0.2980146854766597
0.18152992455223768
0.2140901136546725
0.1980386260279494
0.1574512509591481
0.2961174311371303
0.21002888938006198
0.16198519920407747
0.36037035023206176
0.17439075576923363
0.2449951258877966
0.1864119611505891
0.25176814566486483
0.27132466506057945
0.18834039749481427
0.24432968870667615
0.19923430758145544
0.16061365528629298
0.22571082470918152
0.1856899272449389
0.15326907352056462
0.43289383842818147
0.4010338109701603
0.3101898627465588
0.22043871573124346
0.3068825266608677
0.2146131363588486
0.3589327094573545
0.1893009789619356
0.17160790418312363
0.21489467253604305
0.25323546444519907
0.23411930907676073
0.20234831306358383
0.29692518553517155
0.2472054703259353
0.13758113034054736
0.32250817481967
0.2836076714023575
0.1870810588091425
0.19775681568487416
0.22210175580705596
0.3267669346217969
0.13822299170731842
0.35375336120169265
0.18586343803000535
0.15158361916347568
0.28170294670695323
0.1673049471557386
0.23939439562762072
0.30025964021452667
0.20542628425467963
0.1910056560462736
0.29163687622033896
0.25258195910197423
0.1844777858196561
0.23730099415149722
0.1776575233077114
0.4636514525982029
0.2704110838779029
0.1678990788030289
0.2744739343756846
0.5702658921995823
0.29837315709907986
0.3229182619656749
0.22228466816991538
0.5624710109476654
0.21716411659018642
0.2917115080251087
0.23565762252465208
0.21596636693484564
0.20574093494324133
0.181947402535304
0.21100606105241806
0.16194500158430433
0.15159835887748616
0.21489402807431915
0.14202559321295027
0.35371879111183524
0.20637518026565932
0.2086049839213878
0.33907676087183725
0.194482599102756
0.17381993123433498
0.2383900085500946
0.21258872041859553
0.21332963350136974
0.20796495472858637
0.4424410247180058
0.3293028893261034
0.33657336172729474
0.21164600133023578
0.15371228238228352
0.5894543421656989
0.3461430179821528
0.1541231029166125
0.1850034524913572
0.36268880591455477
0.20807205147223398
0.28569640156147835
0.20873748251704968
0.1585207879485806
0.39718180965340827
0.16883711841965354
0.17681470232216367
0.3351036433289111
0.18676922610697402
0.28781910636137564
0.2912118910465976
0.19574054962835852
0.19931442324442442
0.2133251970194482
0.22074569203847488
0.2597005863437052
0.21906029054087875
0.3231753634277996
0.17603628919806164
0.2621609399847496
0.3770487710610045
0.1880598297995426
0.21819456673408863
0.2458354141001368
0.19619107559071425
0.15835332247674974
0.2523497354221013
0.2751245507265134
0.21309266346253192
0.23231682683646793
0.16462845823111835
0.2240682826690623
0.21134352918725618
0.20832838723751876
0.45095606564000223
0.28006228850994846
0.24904181915199727
0.25614151028222815
0.21101071851422884
0.2103696600333134
0.3296116476921793
0.4781024700622788
0.25933277525636
0.31479240462698066
0.258628748835891
0.2259277650401723
0.3477927922577759
0.24448330014437847
0.205254500211971
0.28869019907420523
0.28718272203259265
0.13802013929115128
0.24544167778758164
0.2255213360294836
0.1811757660291232
0.33857937771279917
0.3178730931784881
0.29191182544227506
0.4327077747977696
0.21147014834635494
0.21500882591703246
0.27038895973824445
0.17489501382217934
0.2998222461959299
0.22429643282831363
0.1809075336274807
0.19748066577601156
0.3055081022336624
0.21444242851973244
0.2237419757968565
0.29888035034482824
0.2377429722038928
0.19259790612919184
0.25601587957339306
0.1959642296623159
0.2638200360565149
0.24189870710348876
0.23003651899861038
0.22915501502552832
0.20752914977524808
0.2639292067819504
0.19148925611357528
0.20785563648938307
0.19420194264674343
0.15911280194705316
0.2056542012386183
0.170970157765713
0.16961198981323686
0.2167780733283766
0.1641163695486649
0.15600320387443203
