0.23904271086731352
0.288659406915646
0.5503910786390226
0.32521025422012995
0.2672343927134314
0.24448484064192913
0.3200108518275714
0.18120271659066509
0.28304594764261726
0.31840149733396805
0.30994173082331894
0.26083729389029253
0.33968968123291876
0.20527070234443723
0.2358999899039674
0.298369453190132
0.4001253007373605
0.35310005364437647
0.650346992521052
0.5722702081225618
0.6174858644448762
0.22149000367423563
0.36323831816846197
0.22061814325275322
0.29816165470815703
0.30481963663121536
0.32601710810294154
0.3048463838857472
0.17061930757825694
0.23462772487090244
0.2232584312476528
0.29555115339146115
0.18843330859038226
0.22016739107611355
0.3858770572985372
0.22411046101699814
0.2639610405975105
0.19500146882177807
0.1763224359695176
0.2837602751426689
0.23572175871618417
0.519287713088665
0.2712102987389768
0.43866068291323057
0.427841004636463
0.21724629178036717
0.229999459560057
0.14879227424824254
0.4349881486313961
0.22541369688479007
0.241276747935236
0.2133344158734889
0.4452605633834635
0.28766289320535443
0.6027160463096368
0.20715574162726766
0.22384318929673475
0.3470095056398867
0.482850150033587
0.2971461031251784
0.4008906723652895
0.2745834782438504
0.1730532309743521
0.28726577515349366
0.7497133613270671
0.6622143836797607
0.36636032100299426
0.27364668428691746
0.2463964931337162
0.2403044597042954
0.2274475868494026
0.17133348761457426
0.19847361719440612
0.33128502382440866
0.4252538522409918
0.4811726067773237
0.2534438704034792
0.20693021036305684
0.3101485395676991
0.26309122352750136
0.2398379218667218
0.26380087704377875
0.3504426568223729
0.17087611489007637
0.2698691598910545
0.24852020963147198
0.2043418279274513
0.26260383147144517
0.236305957915537
0.23742202687067396
0.30607738881885194
0.31782441725860183
0.2531398140955692
0.25533598025167564
0.4646767858078706
0.27447504415567703
0.5924598543596338
0.2366380691133439
0.36675929728269385
0.2804119319777063
0.25826518359128775
0.31064915256665765
0.35931833482576775
0.2396044701869036
0.19472601308593782
0.42320159299839666
0.231885191479716
0.1752162879319996
0.5014920252017254
0.3307675067685839
0.15978786756318777
0.2817278569473959
0.3171754679832731
0.4035805257829315
0.23530872803852027
0.3435164611868011
0.33617043887938264
0.22870614556173205
0.21571380718241936
0.32198154979140853
0.33730292144918284
0.28291914267109675
0.3319486748908482
0.22247728537357267
0.22873002965881073
0.217991826843796
0.2737137763474096
0.20202539547044274
0.2550298079194386
0.4873143563167001
0.21380161687598212
0.25988775970585165
0.4952712886097162
0.46082110616818217
0.7277131508153424
0.27578485397515934
0.2385281213814641
0.3606514395011406
0.24590708907410364
0.31519163828873503
0.22287296526074266
0.4870244979975644
0.24615867189221494
0.24019007114853666
0.248854102934191
0.3478711662265377
0.19423568536449323
0.6250878306351362
0.44948127867339666
0.31518982908043647
0.6977725416451187
0.405456021300348
0.25443030931989397
0.3426955269030767
0.23435468478731628
0.22647970815162047
0.3374920830316404
0.21287274882709872
0.36931340468671514
0.23689937484449672
0.26155964099661627
0.21120328382546563
0.28157809654267263
0.22304100337647312
0.26743264501949704
0.1583099288041531
0.28060609626892224
0.3269513929767703
0.2582749110256344
0.2880666246838231
0.2574305732753729
0.33299221106744503
0.3026416278205424
0.20008397713989703
0.20262822785985274
0.23792133299669205
0.25893265764888357
0.3103490518919101
0.31678645548344875
0.238649860754304
0.22577564578223866
0.24605439216115763
0.21819990511828
0.22068884722661394
0.22095565072571796
0.37869704112464714
0.22272688040699912
0.2614616092475262
0.23780993805150072
0.20695579049717094
0.22396360324059764
0.2566004189955574
0.24587647582280645
0.2658145166000911
0.20135438800432914
0.3493731009078618
0.21363656237124679
0.1831482138123701
0.1654895870331147
0.379601615259875
0.35471350700926413
0.31244132719318435
0.2371138774910494
0.3532332295220545
0.21882099068423735
0.36408277739660044
0.2443530016067103
0.27163843405191906
0.41552029266131196
0.34037029333843766
0.20751142308401982
0.29941224394460036
0.32751630824341615
0.3755431574374219
0.33269891290805753
0.3468579916761824
0.30269991059898366
0.22330380110318176
0.5503615594539808
0.17540497780793715
0.4224641772274244
0.40173859845345716
0.3464873924326874
0.26139379139954033
0.1902285483982304
0.22808382437806277
0.5774436653707979
0.3335215646001961
0.6583205946611823
0.2767478997358247
0.23411164685329564
0.16154906144778527
0.18468646435244043
0.17738219758016782
0.34142216252006136
0.3367283420777427
0.5037707432731268
0.5121359605152523
0.3063385168154456
0.39668662380423236
0.3628613272167987
0.15953556096402857
0.23931025870228995
0.25921398129832085
0.320331937551983
0.5222368551976772
0.16364251100850336
0.28285346973836106
0.3833978759894472
0.5019679946511205
0.17668631396828732
0.24018397253962517
0.31891567793640446
0.14992412924258883
0.20560273573460802
0.2769491191282728
0.14514125862065086
0.34170008187225
0.32612802098039684
0.5521066054936936
0.5780982925319562
0.2040695684465685
0.45177599818134584
0.2774222865499049
0.49174038969672884
0.24811510768905484
0.26835918881803106
0.21184263039650053
0.2418300326879925
0.5082310162633709
0.23651028992282846
0.28490941249805046
0.262278865673101
0.3916057563782134
0.20099336170156185
0.21816606595568683
0.1791286743340002
0.23976307805563182
0.21805776560929346
0.29553496591896017
0.2228745312373692
0.2719955641016099
0.18015234311865705
0.30219106014522457
0.23006980437664692
0.2775777329258272
0.487312494863178
0.1687310492600248
0.41449502953531225
0.2861931545365175
0.3584375341429955
0.20969824049647262
0.2063020091025497
0.19246353206173022
0.15898537329538812
0.31671477608007903
0.2652535484413211
0.33833733147040235
0.25669269164328323
0.2279209135285042
0.3004718806308392
0.3293820109275729
0.1956085111707167
0.3163101252763916
0.3772095902063824
0.31898673888660906
0.2050101485921873
0.22092767997421175
0.23446820698193652
0.21828290160152605
0.20862036837449174
0.28954488854769894
0.18451113730516838
0.23934999370739646
0.1873990515823769
0.23135676823270665
