0.5710452413332818
0.37656396817155313
0.2523326313518521
0.4519570968368364
0.28101347808632426
0.651538308761023
0.43104451512048936
0.6688237107311094
0.2859136081646948
0.5110744099448199
0.3532569498632753
0.3242535946677256
0.3924824435644313
0.28606351329685875
0.26189590347314823
0.37828502496066474
0.4887409056092908
0.5928701904301733
0.2917557106895842
0.8041356414853803
0.7840869041801729
0.76187221441826
0.7492417731078547
0.7253715743362068
0.7002069752003052
0.34254637526559706
0.776318878769301
0.73452426599348
0.39791737746158884
0.36774873161514987
0.33711183634483916
0.7374393856647254
0.7137111459960216
0.6879977831257803
0.3304169477012459
0.44097659821445084
0.4273303287382303
0.6898446125885892
0.7751055988699619
0.7528981600904573
0.7129637863521279
0.8040437885855248
0.7812756481618095
0.7581542906204939
0.8400311208663188
0.8186389738051906
0.7997050244264966
0.4079595850016959
0.7105371978675364
0.7678045865406424
0.25329701863965387
0.4124908303659521
0.3027959372359258
0.5310281587586925
0.4950223481749156
0.45559165930982837
0.753761372017573
0.8018090898988456
0.3001636785505581
0.7370481597686468
0.6915560561584608
0.5483807438593757
0.5565195342664988
0.4044153676624564
0.7386459867921051
0.55368613992844
0.5361198319838929
0.528465241471642
0.31049149311605745
0.23769809203632444
0.3078829286977801
0.3348812958020856
0.38989508015151847
0.48076118055955414
0.4999137595938106
0.5430904718211109
0.2205803747876148
0.47440638668512014
0.7060436454997162
0.6488789275710876
0.6612417718908197
0.5929889977281118
0.7206295093040428
0.2661879283267308
0.29607666243680425
0.5500036741475085
0.18005633621227782
0.5364667748333282
0.5849470105569122
0.5587999616819165
0.605227596009761
0.6026639916297533
0.5448330966218138
0.5154069490049856
0.3899817197557846
0.3942628901963412
0.4800099744815864
0.30180253726779643
0.29009128353751734
0.2992012559503931
0.42602246724496134
0.585757674668833
0.2826443461861407
0.27293981996482497
0.1943448180301722
0.8884367570999556
0.3945059398714697
0.7102616830248175
0.6802035616204659
0.650421833786983
0.6688199642448425
0.6411021622652959
0.6097279512452732
0.3946271066101792
0.43616245334284715
0.40236191028844726
0.45097699245012146
0.35891421824491804
0.6920515097534866
0.7873679383939276
0.4165215084241255
0.6466624162884745
0.6172953763609883
0.585532318779664
0.6140703184790361
0.5064247225365434
0.4425658597386228
0.3993016930056618
0.3461412765735569
0.33505375200102044
0.7021529407858704
0.5824294129583906
0.27064431053909654
0.29297645293906
0.3032804059017388
0.4279840887947297
0.4347506950803362
0.40326434340371303
0.4220773643358047
0.5699264606230259
0.307389545180037
0.29507501453833396
0.8510798508445339
0.557070605531354
0.6516106477388436
0.28238317661539825
0.5593746703517011
0.39741510482083436
0.414473692746932
0.39456973297876824
0.323503555006701
0.4317330628008223
0.2731804769311504
0.4338034922361582
0.21223954559032726
0.746758232948443
0.729399539534034
0.603924546269086
0.270480269286412
0.31498645665381303
0.2047152402258831
0.8384254801637424
0.687653497829606
0.45016671920846557
0.26118684482881716
0.4702018302786718
0.5034047555535832
0.7159150608172374
0.47484085572782087
0.4371110274701775
0.49920220820500144
0.22295925792634652
0.7917944585690784
0.4119642293358631
0.2585531772380993
0.1948597175382513
0.49226322737459044
0.23938405198587062
0.21852155842657386
0.2269676247118116
0.488536711339863
0.28449150482608715
0.378282725577082
0.567120173661424
0.36148969003337184
0.683531911240602
0.35815288842507237
0.25330309398015
0.23007174387319548
0.46565635374847164
0.652418570153291
0.38608936608239064
0.4324495835114853
0.5095954619589874
0.29715492432905183
0.45117022093781967
0.2956163562825504
0.2389243802945679
0.6042465826241814
0.37465116779682484
0.3887277954355868
0.3288238862735976
0.34041445147482685
0.45500878728345345
0.4442052529349144
0.3761437985162106
0.28160938429353893
0.36380186898496303
0.26665668677574833
0.5358936335641936
0.5126078139314391
0.7063052655741615
0.622086595377521
0.5608479156242973
0.34473347560981393
0.7074006604179882
0.33925907731403576
0.2492029105141996
0.38565176238118454
0.46587824349326085
0.3329767872208683
0.3785271831213204
0.3821766187693543
0.24218559217251204
0.4626529945199644
0.5811690469677067
0.4925139820766251
0.2968336050560102
0.44500551603327
0.6362327960261226
0.4107835452565267
0.509108981652707
0.6638907868785837
0.24545336286517633
0.25444905422389436
0.5842571376276118
0.524485182244143
0.6171896277250708
0.5060077559445887
0.35239598426955954
0.5764626561622015
0.5395609036259131
0.8219678265064633
0.6146130243175261
0.5368523722192938
0.5845465660665058
0.32288083495626446
0.43247507765028076
0.5824086790990054
0.2748684765333718
0.26676743694853466
0.47246399094408015
0.7836751083892788
0.8337166084146126
0.795117661836885
0.3050832245402096
0.6548225477534428
0.2882065657398958
0.6885578952960543
0.5620632218611443
0.5082363288123327
0.5298162894448537
0.2725227594645038
0.5038455343058531
0.22653574604361923
0.3991533884375265
0.3420151089209046
0.2761455086490938
0.45563798291568813
0.2847857144018627
0.32960780622705993
0.19225691756271307
0.420365654801455
0.22698241245865092
0.5060818933668035
