0.3499011182534525
0.2540667115842471
0.2309910785129385
0.37008726860487623
0.28510662248148
0.41594256194002727
0.3304472710840282
0.3839626629734388
0.27825437321723057
0.29677131356730846
0.18245528803584468
0.3486047460197052
0.7339915524389067
0.7040215205124104
0.6772081697934846
0.7166115889852098
0.6875103982837734
0.669325495224084
0.6944787355142203
0.67355524647348
0.6500570105452346
0.7437102332741301
0.7304483247770693
0.7055487588586217
0.5528826332781769
0.5189533504717718
0.7472778229510015
0.2878994390563357
0.4841738779122604
0.651531352780378
0.5384306908906599
0.5076894189622123
0.4801420283273738
0.700907974380151
0.6981735618758046
0.6556367590757607
0.399524303551147
0.3296264458251418
0.4038268291441651
0.2238905855831405
0.6529990319778611
0.5746820594126638
0.39758603205953374
0.5019098277942776
0.24487990756705466
0.23873896685960166
0.5090033930703115
0.23759619423934758
0.6723599301775206
0.6080509304936744
0.564999564940929
0.689078842048643
0.6536624047966557
0.6238893821748878
0.773444853341136
0.7375976781255685
0.7041647366198792
0.7680088986955792
0.7455102059360647
0.7209709049696365
0.7629236535467935
0.7385369770390093
0.7134745011879665
0.7404025651428854
0.7030920468169795
0.6888906257648059
0.7147961549254781
0.6951462956990831
0.6678331840976744
0.31964053368698814
0.3200370115671689
0.6804992582842875
0.6566779563549665
0.6270129449789287
0.7308047468389359
0.6827515215792325
0.6454252098749359
0.5084016316706489
0.3045665190655952
0.29615827539343376
0.2032225356039223
0.20995516639364384
0.3118089720967342
0.2856275833339775
0.6126985522928978
0.25726364180847683
0.1973973580997062
0.22669192447824305
0.49163665769903897
0.4609545150347474
0.4305631426922835
0.23452779809369317
0.2607837390035744
0.34783140716176414
0.37424257242374886
0.2571808349387177
0.30470856656093054
0.28398616691992334
0.6927695527702714
0.20574640033935204
0.1886464627820343
0.31202248975645064
0.42067054842309426
0.33550678345156004
0.3623330639192556
0.23692377111816498
0.26597824420695915
0.25783385719571755
0.556943450370103
0.41496635159907697
0.5972671955404125
0.5639566477395425
0.6238717919318265
0.59462931303438
0.5647104281158761
0.6603324419705076
0.6537023864221223
0.6252573473467189
0.6797293763248584
0.6556932167150713
0.6263248488880978
0.4987874360824268
0.23579762858881645
0.44138403689024064
0.4017249242780469
0.39954937390847434
0.27078315745241427
0.6069770768574404
0.19647387884405773
0.23074441434096218
0.5756344916066245
0.4285883162940837
0.6694537160883076
0.3916104592269997
0.20323793640154764
0.2512796998761178
0.2212840236146739
0.4305176115600861
0.5852863385570198
0.28350248004363754
0.3537947955403703
0.27112056715145144
0.3519039546872046
0.31247519524897965
0.299215368400179
0.30427097705092826
0.23403134272456128
0.2431198824915888
0.1811259059700982
0.7135153522739158
0.3211952183227735
0.26790213473598823
0.31691213398285556
0.2982497271857678
0.26203132973886845
0.22633470958885954
0.2208720411699665
0.3579052649331006
0.23952724743058004
0.2633453853746001
0.21008617837507124
0.2615135202603463
0.17407652672913648
0.4059444245557304
0.24581913125943622
0.1708577673450181
0.3409999855656962
0.45837430401843265
0.362774054736644
0.19759428196960607
0.3543029088580678
0.3112566023711785
0.29033430300036617
0.2715526514743105
0.33759050861822143
0.31069766635080015
0.5633534823414181
0.541026166301366
0.3985121249260284
0.33663303092142993
0.25182871653118255
0.2208067854347034
0.22490239277117888
0.22999401351784293
0.2570922712468906
0.2761198808563023
0.30000567737031847
0.26564518358213607
0.25530788043642655
0.565730087997173
0.4391202532539013
0.40812622338335114
0.37726962662483465
0.3123220449794251
0.25163481118105774
0.25505171271823884
0.3806966751930107
0.45746905287747963
0.34868828204700825
0.2916250982085891
0.34556928972309886
0.26415133691917675
0.3100211363600295
0.20202724997401275
0.17434868447168664
0.26605828952842325
0.2766714742404894
0.3856435635252935
0.4179233535731432
0.3880542913367468
0.3583000572001566
0.268175039289355
0.42409446932003886
0.5048516252202082
0.4767335458709568
0.45109845200277515
0.42088019280561695
0.3100980254458345
0.26449418300742966
0.43028763424370936
0.3245870832039443
0.4356649745028812
0.4478075553592393
0.23227629465995772
0.26561753729297644
0.2945194142164834
0.22137075557389813
0.2191851181480036
0.3619893481965323
0.24735919541581966
0.18405982540808144
0.22803182417052942
0.2678665813380208
0.20796689708848373
0.18318005955871877
0.25255687302958646
0.3106212715278681
0.21776243244326474
0.37848462351484896
0.3293108949447616
0.23534216281793938
0.3546077587829773
0.22170142775096716
0.30981319231765103
0.31113363139555356
0.37073630681907205
0.2899466250206932
0.27544999141730175
0.35472964222738224
0.2331933755865949
0.37280655410774294
0.34445410695111806
0.21587216636171966
0.38285664797790675
0.2637670002037306
0.18217255667261706
0.49831017952213486
0.6806446937012245
0.28367338077657944
0.36164258199813876
0.31375943435250936
0.5139150458624718
0.30436055412969576
0.21400142248109377
0.39310937720287786
0.28619709434181
0.3331182141733788
0.407820929455011
0.6148544166428183
0.27911639133538846
0.3552065102927049
0.19207541598545103
0.29113807479792897
0.3144898290346853
0.37902194309433873
0.622656540437641
0.5929210090883182
0.8180304805540195
0.6171849377695524
0.3343895213263755
0.7176507334643012
0.6909979383880037
0.5627878598765813
0.5294952833299721
0.49880481820238143
0.41431708222378244
0.4711343227970881
0.4238818123305474
0.38136051125404324
0.2075327575304652
0.28889100553353037
0.7621306521133857
0.739910984522539
0.7154608713506505
0.512176567427598
0.4078411296075869
0.47441369329544064
0.30020073547497644
0.3693949021253155
0.29576677943927804
0.41729796960694243
0.29657276207478844
0.639181443593711
0.3479661182553938
0.37299049871213
0.3510471680037897
0.30493729371795475
0.3544713461964859
0.19380563411228685
0.3442511462790588
0.2874429733526883
0.25368816007553235
0.7537490077887712
0.7301958442236723
0.705573914676512
0.30362026075975734
0.44027441171214177
0.35275894009778325
0.31193479395590895
0.25831791901401135
0.3016051487011292
0.3419653164741802
0.3088564648162756
0.3259674421426962
0.31410942928245655
0.35675762208581685
0.2846704647022923
0.37250291323245516
0.23628743606134478
0.19004566184460153
0.22088019631869626
0.6450357252947047
0.2391157901452883
0.29105034185178863
0.4043347899532024
0.39482219957098924
0.22011939469318087
0.2330415682501778
0.17818428798984495
0.21394433481158426
0.21637238161266537
0.17105842104632893
0.3662041924980633
0.21850670590079074
0.1857231744264616
0.1705529966769313
0.3094988760712713
0.22436366259440205
0.21507532755651496
0.6259476805616414
0.15806640998699067
0.2997784946818567
0.23359909755466035
0.3659922097570073
0.6690435698485062
0.1599300412499547
0.2880898410986998
0.3222283723056758
0.3703363715213627
0.27955273728007723
0.3203295746899811
0.24857476595464753
0.3577237005125021
0.2779484698520568
0.3838101121289181
0.1705053511350929
0.2958296715050966
0.2722114378680061
0.2062860241360056
0.36586015716138504
0.6059076334168592
0.5762313909289966
0.20223134917398355
0.4341941721995032
0.33472068317972997
0.28698299425620527
0.22149379394488308
0.44942447860904866
0.3989092668103695
0.30071538343629717
0.374242269357399
0.4416076540444612
0.7601004457033974
0.2777161081817457
0.2379434864698595
0.29829252486896035
0.2836390310639769
0.3358593122675219
0.2985828139677647
0.49224392823729135
0.23329835931742027
0.21454113071804687
0.26709893107250443
0.18268324129010313
0.3760219473317678
