0.5908725794648434
0.5568428814432054
0.5222479700171825
0.4803606681787201
0.4497988845300819
0.4196542296288522
0.4265277147728701
0.406078154982867
0.3768553144650438
0.6306164490514159
0.6010460016817611
0.5612179527463146
0.20752243442868598
0.3682131755332384
0.32868182515899774
0.5135896684421669
0.45924210913011393
0.42099955119255655
0.5244757174889817
0.2235011138859228
0.25738502279775033
0.20272165765088396
0.2196150721314849
0.2123236479507094
0.644165044903677
0.6155624955994209
0.5861128316218047
0.21855187777863644
0.3384025821584949
0.16880061490557155
0.672344682240104
0.6447601307514905
0.6161524123780882
0.5239452674698523
0.4707311696114895
0.48275025889781753
0.45221052648505716
0.22463625602983175
0.249177173607287
0.40075413974859
0.2070453075796573
0.1825336055219376
0.3558086625494552
0.32310003179815977
0.2480160700275851
0.4896166519128743
0.45895267201420387
0.42863356209466186
0.46745707478718934
0.27223863753999283
0.17638157280203995
0.2909455509969602
0.23110488008207566
0.1871711617691037
0.28857094163569136
0.24634336892478842
0.376014191548181
0.22382014437369244
0.20134811967508498
0.16025419179278477
0.40466672689441946
0.24865545879579928
0.2186562061928581
0.6586830871415448
0.6751925853136032
0.24488954000574287
0.24133833036133454
0.2133956848200316
0.19480873884486474
0.25096708255383193
0.22453317543089962
0.17614025542225667
0.1758609032873138
0.34307819619418917
0.15490462402139357
0.20475493911393497
0.18528785886489887
0.2649995341402767
0.18819888949304867
0.17833947830387312
0.2540529106732356
0.3344808770272491
0.4724318665839377
0.26368155824789347
0.3264350778168416
0.23518657008320326
0.26142976622438985
0.2069442845330343
0.31548620434621805
0.1405061541785649
0.20010505494138245
0.16295614242506934
0.1401969351735057
0.24908212960590492
0.5782933625209917
0.2796588859834938
0.196814317972328
0.32292916709707215
0.2513310000713294
0.3178014113414834
0.4338272493485898
0.16543714056572537
0.3025286479572028
0.2130652117036974
0.17571157274218827
0.1642544607779679
0.15149425711608017
0.1964653798499721
0.3561472657837495
0.31155453426473645
0.44479407197805004
0.3149341525556107
0.2515554961511289
0.7429921066770481
0.2507528773590893
0.6439525485171016
0.4939436312922076
0.3187408930327165
0.4083966487295245
0.44748083259213545
0.43253850850293885
0.3776321738127219
0.31043745165119313
0.22050851696994786
0.23557377108389774
0.34428721304523746
0.4106336937114477
0.37684015446856667
0.2652168168561122
0.33670278858658137
0.29623385769297605
0.2733532337567599
0.2575701834658273
0.3627818356734302
0.3859017537037507
0.2735851051467018
0.15127581234600943
0.30636864109518985
0.28078966433671926
0.4317488313681875
0.1867574338669433
0.5347210705281193
0.1985179173065672
0.5064986549772577
0.475838979175135
0.4247598397261417
0.29316578543590255
0.55605383568332
0.3591450144803856
0.17032397438622643
0.24796129345419288
0.234671558158631
0.7548379395870118
0.27379786735893946
0.7940942858443031
0.24541721350947615
0.1628530352485827
0.4278372088245366
0.26839287625636604
0.6534041328915328
0.19777910859120534
0.17996680324137024
0.29961499420227844
0.26049252848841326
0.2119579422824964
0.3932395910585367
0.37444616905427197
0.2037988334859369
0.4097421339055991
0.3390893930949327
0.2937637345346343
0.47683057968149556
0.2764193366114114
0.8187454487863097
0.6595698453223793
0.401735603676655
0.3356150774023504
0.1510981095193744
0.38386249830915997
0.3654012634821359
0.48686033219210506
0.30146194154042866
0.27750470178705827
0.2653720944931338
0.37467733677682535
0.3590798424042601
0.70642830783131
0.38125239975227193
0.3292644233840323
0.18313796270951319
0.35994962718806756
0.2868767109231011
0.24855991742831768
0.3070464716391792
0.27111427213856776
0.22823536330732672
0.23888936011738832
0.29388350409786973
0.2851515725454754
0.3808766513092514
0.3673684822820816
0.3998660322008147
0.47489181545387343
0.41035012594002573
0.496629282850205
0.3733418653478759
0.21877014533613684
0.14106873317314586
0.17086283828860743
0.3943054966713271
0.3317310745422176
0.18028662796972564
0.23190296111082714
0.24995353890955416
0.24328478992147243
0.25048392575653183
0.31765255883731325
0.4157292878891415
0.1633624863693249
0.15897072320838235
0.18950228975820016
0.28515041339149266
0.2091836143280959
0.39929526571019464
0.40102185803951973
0.2353326283221386
0.19395751680957246
0.17541444090904834
0.23900068493132254
0.3289716948965788
0.4612095018976729
0.2125272095144291
0.5289165947971448
0.5095589292630147
0.1588252843580616
0.4046913045626777
0.21569150774719034
0.19558898940771582
0.162859465229296
0.6398041145213997
0.2920529843787348
0.4103413268038925
0.13573197576659135
0.31556101510696877
0.49303416241606535
0.19732108331101358
0.31286960438050576
0.3839903032589276
0.23929362581885574
0.21033644172232085
0.29153153431513723
0.18811120822720864
0.22770914759545466
0.28117216424313196
0.23692627601383418
0.2608406664799863
0.27873817535741746
0.3352874117442732
0.24172469510657985
0.27928973854977984
0.2874328689265612
0.18799603166900586
0.4163392809837072
0.3724079947552393
0.13930123385229684
0.3965602678044247
0.3070862782244519
0.22990738315945328
0.26963842990704867
0.23730102036413986
0.1551546750303203
0.3926101420677455
0.2081332823999754
0.15770229519816317
0.39240471037447966
0.36418407133443903
0.30483585754115944
0.5100507220364382
0.2654086784664242
0.36321817267689255
0.2788566803041136
0.13801681870161378
0.30482390496082484
0.23814345980907106
0.2662548749313195
0.3869330645272192
0.4434143575673134
0.1456464267471585
0.3059804788332378
0.2372001616370548
0.22016858555772087
0.17870703071445268
0.17593846151799
0.2658025461312149
0.5204736246651644
0.3372705390265528
0.2782878968375672
0.40676834386018124
0.3778944917218423
0.344417025430066
0.24812377593883508
0.19540316708962704
0.20305728271805584
0.3001312688495376
0.28347011741139555
0.4268574808109218
0.3943676627877556
0.13954929713504957
0.4022382152089294
0.3714765511327926
0.29462759018120777
0.2577510584910598
0.32314616712415906
0.32903574404781816
0.30461828466162616
0.2814000623565429
0.17272657219226345
0.38687405015175536
0.33337646778846036
0.40690842041353464
0.5389154716466079
0.24418076569527616
0.3163021418918347
0.19520969894071416
0.16581431383919235
0.3897516351572405
0.5554301598596564
0.49836766040565916
0.42972513095043047
0.2162894972571513
0.3784321750013227
0.33363479395233475
0.17246306089548066
0.1492070712628021
0.41383616969468917
0.29310587754093437
0.26418892562555124
0.2255972489645414
0.30658739973695504
0.24455455825009784
0.3893757345448973
0.15538884921168516
0.199569640455506
0.23218985532510175
0.19149268384374968
0.3676420390768339
0.39230852661773696
0.25508998140941425
0.1419688513907725
0.27215675826811175
0.24654812640002835
0.7056622863969553
0.4073579653264738
0.3884235638227506
0.34248889680891026
0.39289170728727896
0.5044027871731714
0.31013376076144106
0.2548497076790094
0.2229988983727694
0.29187252913635714
0.2755897318282925
0.710104169585993
0.3311310501751699
0.2096582110641112
0.34681389772010046
0.19100707471456416
0.502952113835453
0.22136237281379031
0.1839732346246343
0.249357067947156
0.3448048732530703
0.3182329871203493
0.2802857598153546
0.20449076424805898
0.4156937988238255
0.14795389262003839
0.4748188136924535
0.31498525844364295
0.2937491129731674
0.41291321335811293
0.38027925114696887
0.6393710052598687
0.23494671667255415
0.1862536221861888
0.17547632985852601
0.3935870064403296
0.361956759695041
0.3625599382272102
0.27216407232663353
0.31485059902221835
0.24561611825041718
0.3550428173729661
0.26366869775452295
0.3087149196674549
0.3640937481300191
0.27737014688830897
0.26023415776192516
0.24001753657394678
0.15844078120664792
0.5078655666311034
0.47483436342214175
0.4413187189541868
0.22457429979837285
0.4410033324824904
0.41092549369257686
0.3108321746106444
0.3802151692066675
0.20918837609209237
0.4564237041603824
0.5682149802899034
0.5378508716236791
0.33410862734557156
0.22454986116979483
0.3712379745030587
0.3404772751024113
0.3574265427783119
0.4499950519403176
0.2194412950324372
0.2728499326954785
0.1564328932015739
0.4869874832131257
0.4559027656143835
0.4254716620183042
0.5417315294074401
0.5106089587579772
0.4899206625888397
0.6718520604339069
0.6441229249910344
0.623113015233009
0.2213269814964959
0.21072504486838312
0.26808696207317334
0.4556687013693294
0.42044059972153175
0.3896415137615722
0.4500893278231941
0.40916603375665184
0.37958862055398823
0.4023518498266821
0.38886917596410453
0.34893147442488054
0.4620312918728547
0.42894901121990214
0.38761069651884883
