0.28936672995980917
0.2619262348893396
0.673892439781811
0.3904395196113975
0.21905019079039847
0.3401392450482645
0.2762839341929979
0.30439747038981657
0.14173404793255526
0.33617277091396014
0.4648482785399928
0.269964339634872
0.4333547082117549
0.3340841550762753
0.4093514974611272
0.3040101354024647
0.20260323345352063
0.4486493477761888
0.35773347646628145
0.5468786604948683
0.3529972550726616
0.35464841761176713
0.1902382190991473
0.33309387112091
0.2918538980121622
0.36033753607063085
0.4326743429917201
0.2425696264254228
0.2220096621537146
0.5534322885667519
0.28623345405793904
0.4278677427521062
0.43404410004892363
0.3108319809969992
0.284874010199377
0.2898238972675251
0.31917196892795563
0.3084971689931527
0.33821539334825956
0.3249093097250677
0.38198266880443865
0.36772521475455167
0.2645109307194237
0.24404269465207803
0.3057421395872411
0.25647372582936395
0.22654821448687767
0.28577668430070097
0.40830395199528646
0.41154317738590807
0.4478717937871471
0.37328488612574845
0.38042486199521247
0.31418257653873355
0.27156745934316806
0.6471695024861023
0.413529693337313
0.3582138497182125
0.31572438730551877
0.5841762059236068
0.6340640917245488
0.5445997065381378
0.22639648419786695
0.18881020960743317
0.6649933300293801
0.42570510589818117
0.39582707151858393
0.3652927419858736
0.21364147641360448
0.3130385858291379
0.33555414389476124
0.43964647744886487
0.1898080934160925
0.35205117235307476
0.2985822151491667
0.16809517243059083
0.22205347079675083
0.1946144066448296
0.16704250252240443
0.36651561516198033
0.333578763962077
0.306872225614853
0.4584622288296636
0.35163757670745904
0.3241936166043702
0.31399294587322596
0.25428126277068064
0.2475955963536393
0.5667098187474255
0.2602700471424385
0.3271891028602879
0.2940843333007186
0.23281068054262782
0.39944217461450926
0.29376691692164164
0.33210108227354124
0.22515031015728712
0.3733421707712803
0.193039134987075
0.21161020021145316
0.4115127289150103
0.38147015260463235
0.49621500715615874
0.4655871686712417
0.4352211155020488
0.270711223074551
0.43166690124204826
0.4018442155498876
0.4449649299273725
0.41490059135296453
0.38539051627849014
0.6461212284649891
0.6175758409683723
0.5881249759767304
0.4863438313083148
0.30055782119911206
0.4104220705766202
0.24308116632746887
0.25359624659051644
0.4159916171574371
0.388092889423212
0.31250682543123526
0.14988521865660218
0.4723964310500748
0.4412262697201332
0.41122599115690306
0.45534562153610086
0.4220762116533079
0.39440481236096203
0.5315049013565338
0.5001579852926255
0.4695143820323572
0.45602446015116127
0.4227672800832544
0.3931397316946594
0.4767518052856927
0.4409813451626426
0.410980362289907
0.5154660961029099
0.4816020606406368
0.44952533154498264
0.528262328055811
0.49748260898885693
0.46614193208533145
0.5190966759355181
0.4835944243950968
0.45294003792825605
0.30387193465661655
0.23325103800297214
0.29203956409240345
0.28411703052731624
0.44860332342927034
0.25070118014791026
0.29163146969661274
0.3969540056975705
0.36798006170882924
0.3660743030398003
0.29038397869276467
0.26513411043376545
0.3424101708225587
0.24075516853811668
0.3869817537101638
0.5919536379352919
0.25041603316754835
0.24933627712460252
0.3203606863035538
0.42942630835946666
0.34277622458875795
0.3382182012210816
0.23496757209183874
0.21418079971578222
0.3357767105236191
0.2664617943889165
0.2768304790684181
0.21553983472557708
0.23686854936826038
0.33378361431341336
0.19908514312698758
0.34901414832180394
0.618831669123179
0.39807916490220896
0.3042415411124546
0.3624644909002452
0.32972198815771153
0.6835391676909942
0.23573512316767462
0.18556565890332039
0.18613821698147398
0.4476404697870415
0.16193929832411172
0.26786081416547164
0.22498026624291223
0.37583347777200793
0.20512909598094378
0.540031827426049
0.3454791873041626
0.24831052732940118
0.34226549716852067
0.39565186501885424
0.44556901253866454
0.1962533074969575
0.20778291850609953
0.27464907579924586
0.18673047769642512
0.1819337683785725
0.15353600791693114
0.5933572987728123
0.3615079720344321
0.3043444473411416
0.4510532106330298
0.3468377741081285
0.34861170931608904
0.21715409006347616
0.35980648311828645
0.35732704853639763
0.33292422363627544
0.17083280194833886
0.2078827564139115
0.40263104513561426
0.1716477689262746
0.2357637732104084
0.18714346641565272
0.270006068007029
0.26593063736290434
0.4871834640342484
0.47397207107130224
0.27531519327700255
0.3053774786835382
0.32046423109959465
0.31768169910383737
0.22618991289727133
0.4884422073289991
0.33074530116638456
0.22432970175789602
0.2826797340889027
0.1864540455770653
0.2080334524911393
0.21516908921763392
0.2176966175956686
0.3518919014849019
0.38586148285412475
0.27954254615701174
0.19087531543636788
0.26769684193444854
0.28869701842490303
0.23692078837211658
0.3906398426514169
0.30098504552121774
0.2288710171534635
0.16376629779334462
0.1912487007228733
0.2112045283857921
0.21614896442312095
0.1955924326974181
0.19320606235027138
0.3916236167184344
0.2212288497565269
0.2313086609888192
0.35279522408493336
0.38910741023423395
0.26801859949114837
0.2283412918387359
0.3273407262726463
0.20390729648525288
0.23391130222481887
0.2662418674530954
0.44003197081369494
0.16904924988877748
0.3506691987481588
0.3318181264060331
0.39657077814966996
0.5038370338696089
0.26201887101745763
0.5196038010048014
0.14574376677513762
0.2778707883634954
0.2825461332208556
0.2825961407247316
0.3159153287548052
0.5034201661073048
0.4704091675886424
0.3694119278599962
0.4525034939695575
0.23422927143368558
0.21294167278664175
0.4888040707857385
0.389566283879437
0.3506513914045344
0.4713340075494528
0.4405919958473932
0.4061475660004695
0.28947513337706543
0.27887720704441005
0.23263193695065199
0.49745013036810753
0.4653395691629479
0.2114869532622558
0.368175848222505
0.3401149563477764
0.3130365730033402
0.4649818219804418
0.5056217727836724
0.24067127925543896
0.5068883200274372
0.4740789464329455
0.4429862736484058
0.4758542660386604
0.2669992320199649
0.23935904797370885
0.17575108765647873
0.1772064974236164
0.1555966921520898
0.5047652264238273
0.46480532572321004
0.43228949804653644
0.30579081279598974
0.3989989358859442
0.36927965190149564
0.30465745892717155
0.27182813665331285
0.21283126186118193
0.47736826452767056
0.44523489723952664
0.4115575129491062
0.4964676266475975
0.47733583309390865
0.43782406843113714
0.803522529462179
0.3245057718834923
0.2908082846524178
0.39980710334789155
0.30508621202567626
0.3453886641329084
0.18933239683654685
0.32284245894919084
0.25123449939050774
0.2970389760289492
0.45540054761871973
0.18492277914445515
0.3571920549033556
0.2843167433466086
0.19149524002637164
0.2949563975897105
0.32564983047379065
0.2533890916864579
0.382056095535404
0.200141488527045
0.2686710979231739
0.3761015940672151
0.2641950894012567
0.4272093512343171
0.28023093541677996
0.16890289877587575
0.2459986226115336
0.36040139787253583
0.3392869920154674
0.2900700814412652
0.2746781764326001
0.18803308374716168
0.3624855410567515
0.4210738029758299
0.3417104788831038
0.23891051774057573
0.2192711035023604
0.17291274472277282
0.15549744437021712
0.2712749836824163
0.21551578980228972
0.21301036165891765
0.590070937400371
0.42489439249173483
0.26517638097582413
0.38462577269983406
0.3036974692996262
0.32040886779819977
0.35523778708965464
0.49099368644827435
0.33461338314926675
0.3679570705836453
0.3252406859769297
0.28965319891872243
0.5285950436545857
0.18842711682044283
0.3161743455839718
0.30702653301735217
0.2448513982496898
0.22953552708163086
0.2924713892347405
0.24932389449429965
0.4026310330175529
0.23758120608453903
0.21593859754944
0.2019531811645018
0.29443666653315875
0.2167194540618578
0.2589617963634805
0.31925260465109506
0.2942094401833674
0.2633861121238039
0.3982234729050637
0.37058994282784335
0.29439563063877805
0.22841008406898267
0.24333655071883586
0.4278895161818168
0.29874928492529634
0.1986116548103424
