0.34708351436372387
0.25707043942298585
0.34268420526453425
0.31167591115406906
0.30130141075805894
0.26883539069634466
0.34497016710895534
0.36834671334054664
0.2771198409023071
0.3295866773318269
0.34162220195018045
0.2643037057589391
0.40954403389866084
0.26680566270571593
0.20220633892949116
0.38059324157209523
0.3676846749614787
0.2970929079644088
0.27838655555354047
0.49188685486108635
0.18433826473857812
0.20946023996871685
0.22429962600060022
0.19591026855137206
0.25728511116469555
0.2046382274623996
0.18181080834715457
0.3798148741465778
0.3287413090947531
0.3270224534313554
0.308684036877785
0.37512416100434415
0.20435075089656765
0.23563882500819985
0.40715231328306367
0.2550451909354562
0.3145397514852765
0.2514914585014629
0.2584959626388956
0.32547090139703105
0.267012420796125
0.5002382575181894
0.3633289327885575
0.2607443917334435
0.2708916475848301
0.2543285729132611
0.2057236282832187
0.31594676269996935
0.2573240100863318
0.30261941419078187
0.26531227767772425
0.164390843009898
0.1479197051086905
0.31386195808347844
0.30732279966072895
0.28154274980908567
0.241011009782415
0.24511379320827942
0.26941099159465737
0.18781966747300455
0.28519902574956624
0.1945722382690655
0.22696059223397927
0.322280035617347
0.3498396088291908
0.22373863898005134
0.32026841599139577
0.18287368882601332
0.3402677564683694
0.3037249755165596
0.3598163882874104
0.5971197824110351
0.24615924990680746
0.3810337631459954
0.3774321862629693
0.28330579658894706
0.546249193173741
0.6412503670519746
0.3636824184458572
0.23525858757336332
0.587269244213481
0.41959745510885726
0.32050415122372533
0.2355348135668927
0.5598253696204912
0.35653410191884327
0.3088382653283202
0.5419139154326726
0.23366172649718417
0.6905124278084137
0.38781330072294284
0.5719601381659503
0.6278138759990929
0.32942362229498595
0.3502218191386585
0.7198133467942666
0.6044173438735857
0.552260616185963
0.5739290653580273
0.28078460069327715
0.1759431037841662
0.6418001165018146
0.3311238877968767
0.33094896848247174
0.6924402477639896
0.2035925828918878
0.272373969641067
0.3865788862165111
0.561857007534207
0.16735265178432546
0.6581157488414859
0.2798512271900186
0.3585206409552467
0.5814778456372097
0.2792731553559272
0.49177960349853583
0.6487473375214337
0.6269233152262764
0.24779968516473705
0.5337138974047511
0.5131489542486426
0.26106971556812697
0.31065943809504926
0.2459992080326178
0.16673480265742455
0.38597831639439323
0.25531969599590454
0.4900254798274642
0.2175430886843088
0.5096834972984166
0.28538408781671615
0.38464361886216525
0.27698175948699266
0.2626084289322817
0.4101550427706202
0.251757223804176
0.30498627578721943
0.39435037421541913
0.3564985141427382
0.17899587647317397
0.28155196486523715
0.2508659249520147
0.2231280401886173
0.23739729850472296
0.25129737679413255
0.23216788143560185
0.2990426659212269
0.29712725533851203
0.25646930047508676
0.7808534178879647
0.2172219058494752
0.21059348237440603
0.25826560699723783
0.3272028097976369
0.39253572633445794
0.1967169437513349
0.3949198921988385
0.4451354697005696
0.6754469675741072
0.2634714156880748
0.24718069158310155
0.287378229518039
0.2205350564048281
0.18157222444399793
0.16368860899232748
0.3207569326160385
0.2181973409627364
0.3201355418395213
0.4213270014007279
0.5204215421014182
0.30952448007299427
0.22759908987964536
0.2281201660714454
0.23221695497237035
0.22095668127826212
0.42941534949900345
0.16899332422859994
0.3130950358142259
0.2530371494110695
0.24222938025875518
0.42896434767010694
0.29446937884774793
0.2695613906135972
0.3529549534667768
0.48623576325089346
0.287635911556604
0.4621990541150523
0.44221065629827117
0.4610483781905598
0.3479635456707578
0.33048978964998094
0.3929611388639405
0.4329610230772198
0.25752897321494417
0.18870469939408854
0.4096302328919021
0.2796235429192582
0.21776996883471786
0.4456301535933773
0.4149845010095513
0.3834184162164269
0.33021322731153907
0.24223248332582842
0.2331781542855422
0.2234482274580882
0.20265332839735545
0.18775832744319418
0.4467069948978192
0.4159587958250102
0.3971792488923784
0.2581469688963451
0.23510905592623915
0.21296488571561162
0.46625158798501803
0.4354247507742886
0.21434494058877093
0.25355776867353225
0.2307067413135483
0.20855381583590582
0.3177467786800614
0.20780172031642685
0.30142284782056994
0.3640226408536893
0.2561402410207582
0.2596908959033714
0.4101611861199411
0.24604747194031903
0.3727296730261645
0.2963401229644493
0.18612473721557382
0.26101786876898775
0.3442949636611596
0.25866031458110583
0.31446076304948073
0.25587741480537324
0.27824564080981784
0.2736991457046793
0.24222438753593242
0.22356832425319478
0.23885515006285296
0.4240687501342567
0.4153296348007468
0.3093831107678027
0.3621290575291193
0.3758580760049775
0.3301938313971488
0.3775559764204192
0.21569439060265316
0.24527629940395515
0.3153874711421659
0.2805456913784568
0.2624420891727664
0.25453598891677726
0.21816791526583124
0.19785659147875237
0.34350484892807676
0.22959808208735746
0.284789538198585
0.3491272245408351
0.3107346700656164
0.3423107184065465
0.3824812145011974
0.2257831767604601
0.201913851246322
0.3508948380983494
0.23175171363320612
0.36501210657570143
0.3490768699634565
0.32987882595548396
0.20788960469955356
0.29151036972346855
0.19436327971195685
0.20202367794651477
0.2514570804579539
0.22399413292787912
0.17774839857667418
0.2687388552905571
0.21611323049577336
0.22229761867427023
0.29746208674125596
0.2655768085550477
0.1919400747772861
0.5408648300525373
0.3475686523525602
0.29185607234428645
0.21589355251360356
0.2193846054485189
0.25357644040056043
0.29122834618066296
0.2954574139362316
0.21581584622840683
0.29122834618066296
0.2954574139362316
0.21581584622840683
0.21968985585599696
0.3294892773269313
0.31140918689490504
0.47348548220003234
0.24216570813351268
0.2413898669153651
0.2922334942444601
0.39128361065086553
0.22034683858371684
0.29009820488509963
0.20812927028223213
0.26557004883292606
0.324417544156355
0.19985725612645353
0.3223997904674059
0.370031165372773
0.20031380377537275
0.4729210619887602
0.309634525720023
0.2550328857501946
0.39774599997066307
0.37276335678977257
0.3000011658224646
0.3321514905452976
0.17799940960211283
0.17902922374172364
0.3219581701285019
0.26054864408350187
0.26476108161751494
0.454605527259414
0.4817452996972193
0.16814927747182984
0.24818917687601527
0.30223359468006
0.2530595757461722
0.377860101648425
0.3157508090677837
0.2881988153578612
0.34197942185474556
0.30180821570451216
0.27627544117373565
0.33877736227571703
0.36558753244309083
0.17498667539002855
0.20956673781449411
0.2260014005157479
0.22164833484862123
0.26345719638684717
0.22511343619622717
0.5422207663204585
0.2758452308032123
0.20386768598722432
0.2384086586764081
0.5738877013114828
0.22271371321268507
0.3174411135538075
0.3285699606101216
0.24622821091807515
0.183224829468032
0.2873654492938807
0.22830190395463354
0.2201274160557136
0.2633728337430463
0.4363908246322751
0.446322622193444
0.2042877149417944
0.2919939272761255
0.2231382927299642
0.32454533479308134
0.568564605923618
0.3882528426291138
0.3257552815643721
0.24438898136170048
0.1608287480515473
0.3395500862557712
0.2707547351850718
0.28989376493008817
0.37256899539153726
0.2867404753116627
0.20216956054870402
0.2410054515931453
0.21279064660590463
0.3606432033870702
0.5516887185934215
0.3130622792631561
0.5219301201957456
0.37913282105698753
0.3289521899873725
0.22540223765177955
0.32907304441764645
0.34567927197794346
0.2842850897677008
0.24329067334904894
0.2209318271755566
0.1978528856414642
0.3699376363428391
0.20844613622211897
0.2122334500152339
0.23711793231430825
0.2070699873461273
0.2543015767438987
0.22864502566422443
0.22454602320818132
0.2110538937803167
0.22925355389767807
0.3965769287473225
0.3157712426402146
0.5160649019759714
0.5104131321133908
0.42030488059484195
0.33169289907453425
0.31235357350558507
0.33150588186097985
0.3076811140747981
0.3112617207705991
0.22147016963388913
0.5502638744726344
0.2898336459066587
0.4980972316259207
0.3177447112125589
0.34396851239635634
0.2533757472973377
0.5861110650046544
0.2172040709021771
0.37914019962775386
0.3384138444365783
0.4747710041464635
0.273275068935603
0.2761819277570105
0.22314814380603548
0.24788114263441416
0.2742881015765276
0.23916903299547898
0.2298215350758208
0.2974610899326085
0.25395437070322735
0.26129222316689277
0.48101719388661124
0.8702054063466653
0.4634585281846476
0.40454045026080226
0.26989858719179627
0.43321799445498366
0.23983509134758035
0.21797886465859012
0.18905760156770984
0.2851314817417667
0.2555165479312039
0.19281159954853805
0.3270477234831118
0.35307461234501947
0.2845375933473825
0.34008259914303773
0.3501240166441197
0.2532079045751006
0.2505543167572439
0.2661312064259717
0.21302780872185945
0.4419968941809325
0.3927024858628157
0.1781464465704238
0.23894684857156903
0.32230609716773706
0.23913192324078533
0.42395259582694356
0.228714753296535
0.5612389200878369
0.27982050792096114
0.22489500404540166
0.508019714583955
0.3420249141880279
0.2869582905843476
0.2716649508835749
0.2224939048056182
0.2525218864585414
0.3882074015916139
0.30838462834772873
0.2660262292977038
0.2691884366036167
0.24365138951518792
0.32716289279572597
0.5326724317402252
0.5104753957026995
0.21690741133123764
0.26495037234377455
0.23260686233064962
0.3905970781870133
0.255302450267048
0.2242107347374604
0.1966861353667555
0.32417509352308727
0.29669606963124917
0.2888836952554029
0.36060976246082294
0.3299192670211253
0.2242677644752795
0.28811836723976414
0.4462598964571992
0.22816437236064477
0.4452907905037943
0.16347084904715217
0.2977829376482091
0.2517734734627536
0.26272310247745717
0.38928755698092593
0.4695534885408696
0.1427417340825862
0.32144327332130573
0.2223002398765405
0.3876198105692549
0.38642590204426874
0.5587191766999478
0.32611247631252205
0.5410977733073925
0.39639513295865947
0.3734159798636074
0.23943996478399648
0.21759496432868752
0.20598824080094186
0.3299034670227539
0.19894589003646507
0.20476784605667112
0.5346385215347265
0.25953288162246263
0.2027623425222782
0.2290576565633797
0.18981493170362534
0.27295295106720846
0.377157504884253
0.16963557363260315
0.2254300198508502
0.33131660715141154
0.6170301029349063
0.3261721154504136
0.22645805823503018
0.24702977871104498
0.2034569418030984
0.2533355546798888
0.24205442709536024
0.3960882458314714
0.2040215889006645
0.3119152236845772
0.23405976656086128
