0.2833789979995958
0.2246587806372876
0.3113127167974836
0.2848802882951467
0.2088923752813295
0.23220828204685956
0.3884929112475602
0.35984379542438993
0.23382688723557735
0.4008504029801237
0.6842928387312271
0.66734256824717
0.6618288333975878
0.6356864285293636
0.6047288880040684
0.4422992913909094
0.19388361172809807
0.2830674160804213
0.4308410390378112
0.3880841266893
0.6673380159839004
0.43900057354522143
0.24791318250713648
0.2604828664887093
0.2850104325512192
0.2860624873078657
0.5602905949606879
0.32385477431316945
0.3435139211530564
0.22771769743009554
0.3835570946351888
0.311839974378757
0.369435774427362
0.333200520805416
0.5415519073377143
0.22951615844272089
0.2918457779517084
0.31557018730556735
0.29841164997838815
0.3791145580151694
0.1784195276881207
0.17478409105337428
0.3244570382836573
0.34920510302515956
0.5674028077577955
0.2839543970632207
0.32922975487233724
0.3801511916742355
0.2602763161866286
0.2892276533440347
0.20461461646619955
0.481091684410867
0.425652267175857
0.49249984045894085
0.673619982407424
0.42012181992768954
0.3578598795417527
0.5539815369987673
0.24456364595271832
0.42233651828688396
0.39308154152108116
0.25699336447932314
0.21697435255879322
0.546119162509279
0.515326960482792
0.4067311320285322
0.2459461392025613
0.22430543386783175
0.4883655353489589
0.45736180010958766
0.4266848680972131
0.3435114211441824
0.25456363402320575
0.3996230525016487
0.40440246413338116
0.42381947424002375
0.6634336850096407
0.4140249895371302
0.3695456313293253
0.20701228574160999
0.7048952618456277
0.5012688352348552
0.6353763622478592
0.28257837275819253
0.24696315545284186
0.33709349939107125
0.374635542263804
0.6209289208715497
0.47902011347373674
0.36517723603268376
0.28680836499038254
0.26544762114905146
0.3256721543178968
0.2532898336815199
0.24905253306855124
0.24090343265930977
0.3765103122913051
0.17930230728503158
0.42124585143207627
0.38846975805685824
0.5814981418615152
0.46256743231358494
0.6256843365185611
0.18425394738601297
0.3376903926167165
0.291252575150635
0.546205568527798
0.1951429907315079
0.34367878777798355
0.3742345006628924
0.411807300164504
0.415411077327721
0.38566857248431335
0.5226127258363769
0.16830698066630465
0.1668794286610235
0.7025542979797564
0.343730150806722
0.17878719201711396
0.6637693836095687
0.22506106619257077
0.24428963775178988
0.29756425334767517
0.6297960123901821
0.27184677781877814
0.2984659780939099
0.45882845377783377
0.2476062512458514
0.24819997094261137
0.2851134858072249
0.27605110203277794
0.31983281739694186
0.201491321807158
0.17274090566409586
0.28919543875104947
0.46302180560662376
0.4326834478675935
0.40126439901136846
0.17705332939981497
0.16521351884903296
0.1453344835008471
0.36313973970963476
0.31436979280092664
0.18907951677298707
0.3721329138919101
0.26461448967361395
0.23039598978047998
0.2878824714015442
0.2386292308173532
0.22228386389611998
0.47204269680322763
0.24708214952290408
0.22383606484437338
0.6208442852157301
0.2944670873336829
0.551084868630014
0.2585269118800395
0.22825840066850617
0.16474741413921912
0.24387962706397026
0.20193463462294764
0.2241798583923348
0.3575274478088346
0.2510338070057847
0.2861496959367994
0.19030654057609397
0.25015140178868084
0.22792351537477723
0.22980641607719096
0.41357802306318436
0.2827529966028285
0.19976200073770395
0.2611157381011235
0.15656480840840759
0.3422668774222211
0.34993992359578363
0.32108123385170906
0.20729143052243487
0.31229718022743225
0.20417515915934523
0.30323688936321863
0.4461695261586998
0.4034945590328546
0.41604027129823
0.22962422173474697
0.4939285122883858
0.2230538150813855
0.26845350644709176
0.5359316707189948
0.23780779388243686
0.32873096166640375
0.5186467072931281
0.2679374135809393
0.2522112057885145
0.518929205534973
0.26913053182140645
0.21087122137891892
0.27294810656950363
0.3718301021949234
0.5157637683908238
0.5523512806592541
0.4530496964377398
0.3362130322991431
0.2750022897547528
0.4418288598811591
0.42406670351057757
0.28958701731609365
0.26964727519421333
0.29090958660123545
0.41050377150609235
0.2061852966136687
0.3941019926642974
0.18538167229457156
0.47068886347773947
0.629047166156044
0.36223773838001855
0.23863377659918028
0.23839538862998358
0.25515754821356673
0.4151099276397902
0.174769245042887
0.3211798438182498
0.4336619644004652
0.3001857781627146
0.5281506734020831
0.3042087786600968
0.40525441275816
0.6679316349246958
0.4849845731269041
0.435157826467218
0.36823370566576763
0.6350963461223827
0.4366576303229321
0.3322358577522538
0.5393678375748205
0.8726126649750063
0.5922926508777786
0.5196046933384045
0.18837128216124657
0.17018861597183352
0.7579034444004474
0.2854817182110825
0.26742484118868903
0.6774015578394538
0.6595851481181881
0.6107145283469324
0.7006443505637323
0.6133767050221341
0.5838090974534549
0.20801624068409863
0.2388907109706648
0.2771363667307063
0.697631891678452
0.26165320698704303
0.779304231011729
0.7326456361943451
0.7049154157941406
0.7022849759966805
0.6714059651404896
0.6401124521123821
0.62769089640283
0.5701974812628056
0.52226826461435
0.6406909274232782
0.596730611002024
0.5605568620463482
0.6158610941816078
0.5443906742759087
0.52483672897232
0.6040236870169085
0.4770591361025254
0.29113120096903217
0.5027308620087574
0.4680343241985182
0.19268908379927274
0.41655012908037
0.368526673819841
0.2838933333809491
0.29671263378256457
0.3485973720136961
0.5706681182517145
0.5365417849458402
0.181624220044494
0.3979422544457016
0.2462805789598461
0.22318450271797993
0.2941797120548578
0.26849933296128303
0.23548234351065228
0.42982424218728826
0.3138651716669375
0.4959065890812316
0.4756526495500634
0.14628389548268214
0.2818862986251974
0.2714093975371194
0.5818539499780178
0.7562449952420655
0.24762607885072113
0.24855960263273727
0.18137013747811112
0.48075714752557436
0.21744846654955027
0.5665901508174247
0.8085027754732372
0.21591369023488974
0.2194338125986305
0.40637005948251725
0.3584672138517466
0.17880561649776988
0.42472226424792175
0.3988311571996665
0.26336765354896247
0.2279573914424517
0.4279995655940399
0.2539136451077594
0.7232688474534997
0.43304930664875674
0.2954431753254236
0.21275293483592086
0.3795094588452284
0.6947946847874608
0.679269441193978
0.7236749306581474
0.7099503962003081
0.35013651172830385
0.7524135358805285
0.7146749411394576
0.23739832525921584
0.7188501225023625
0.6796299841442017
0.6555259045678844
0.24481715933627826
0.670129381815686
0.3084774487186168
0.5205058819187511
0.2947109055776609
0.5408148137992476
0.6347979669848666
0.6494039797777357
0.5758747378303467
0.3001608500330144
0.48812187488767295
0.1592213057643861
0.2537315287855553
0.1768879929783968
0.16772787589489613
0.3202174942579707
0.6240602062256612
0.5950001302513234
0.38845407618765926
0.4485901257178722
0.27867640463865573
0.7727528555546658
0.7323365430774755
0.7053547617138182
0.6645076833706307
0.6363180901176995
0.6069925495056224
0.3193388766922836
0.3291977720697596
0.2237765238730976
0.4333513967667335
0.4033686082735791
0.3739801163639295
0.47681986794567477
0.4455667957525525
0.41530385357271304
0.23013318313500244
0.21904865489958297
0.20935732766918366
0.6305146689615595
0.6014579735731224
0.5715926398815838
0.6533989992292827
0.6250485069388276
0.604817482399349
0.694539114775768
0.6678386952918082
0.6386259950274304
0.23845923552128867
0.4694256398323064
0.43887947609460404
0.30506689562338635
0.18693646760529498
0.3054509568623767
0.21444252601992617
0.4822720054119889
0.2523923703101487
0.4074740726281394
0.27593920799114263
0.41711053339264886
0.4135644338878199
0.20681733546961636
0.4871330072418574
0.3856037407628095
0.5823822529824673
0.5514461457239379
0.653140036476826
0.6247588882360747
0.5900817797657201
0.4434085984971896
0.40217916308753343
0.3642973614504404
0.3546650484304781
0.24526549895953823
0.20029808759925088
0.49619049415303484
0.2309458507020688
0.513986698265394
0.6059837450624576
0.5663527764337748
0.5941671426041674
0.29343040962296446
0.584466924273818
0.5541769648944245
0.371575861453953
0.347266890940843
0.4197097714656587
0.33544226059979737
0.20637926282111985
0.5881449609088998
0.5665884492941582
0.5360289975367293
0.5954290242587045
0.5643884992311023
0.5334798799405974
0.28210454971328114
0.7490400461654853
0.2837884649443474
0.25911086288520613
0.23453881409762456
0.24546680710998825
0.5492854014623286
0.5186870577521998
0.3336579733095746
0.32466070342482434
0.5125699052023384
0.21676592316118243
0.4381700778153617
0.40439153481665474
0.27770374807391107
0.2682022666304596
0.3002552651706671
0.2751864479771648
0.24642292370642258
0.420348350203525
0.2876792429116076
0.3072532866745572
0.32724118181557027
0.2096938360797713
0.3351140579208728
0.35865570986320716
0.29165140505759274
0.19384516252251882
0.27531105956936824
0.39582719789315784
0.23401785112285162
0.23502674114548136
0.2626753412951932
0.2694101192872148
0.29869811769425475
0.3789247062957397
0.2307095670699043
0.3413184832372986
0.35795200828385904
0.46437221328867817
0.23483411582351005
0.3001172134669348
0.2617791539549973
0.16221496505435348
