0.3024527692987013
0.33567774567014796
0.36585948728906226
0.4480488008789984
0.39205710917155545
0.2113233231798802
0.4306986983490602
0.6108598141684545
0.6585650771069502
0.4135750248095871
0.7787080309257775
0.3387137444752861
0.23777804297797936
0.6450204692782666
0.6134047293969402
0.570387029484231
0.3067647252199089
0.36796547429683607
0.47201343751041247
0.2915191052682886
0.5603092378438559
0.5540139458375084
0.39292128318626696
0.4128942771635671
0.7008602711481206
0.42360309311759764
0.5153798195979505
0.4916832269599233
0.41288599865447134
0.558617676400354
0.5265696010935241
0.43664988066574434
0.3473252927092132
0.3769831578061132
0.33894491039897995
0.2983126843416794
0.376009452438917
0.6785067666771948
0.33001901087403834
0.31532387081217
0.3024326191278519
0.47131982676528045
0.30030572321068577
0.347347568639648
0.304994885952895
0.6204512169500739
0.2941258111654303
0.27093099771724094
0.3317431603686007
0.7019714282351537
0.44370186059472244
0.4493858663403863
0.7236329532822654
0.5199820847895176
0.18665767080294549
0.19578780691826247
0.17398699814762913
0.6967674504975538
0.3292210453336006
0.4365761817851341
0.7098294888354897
0.6839061733274765
0.6567988632533375
0.6878493391660327
0.7278037205195953
0.682931864083382
0.31804458585720374
0.3933917834765894
0.22807299520460497
0.41095441921575065
0.4189445417988947
0.4852376276364608
0.44365185436789156
0.4532392622640862
0.7442713862831503
0.42435697985686205
0.45003988875796086
0.4025008868813828
0.3772120362735436
0.32536470980483734
0.43993513983617605
0.3636959425712699
0.3466671540845511
0.652620602197931
0.6270695028165222
0.5970177337154355
0.5406929765970011
0.4988195483418022
0.39583253860573003
0.37846027514724323
0.7168837633047469
0.6837135862973522
0.4670298203339871
0.6577411437612822
0.6269372246087042
0.4660247296089893
0.4308650377117459
0.6024221963853855
0.4088669233715276
0.39668398505954083
0.5063679164524522
0.6181392961780872
0.57752539715139
0.5473268847151861
0.238096848905755
0.37596020763709526
0.33426923562329613
0.7283926192182089
0.700745158685152
0.6734862269977178
0.4060434739827682
0.39090852826460887
0.6528442359853349
0.6064973550401213
0.5759744421302918
0.23690084983936027
0.20754664053890215
0.43650589623868985
0.6459357362095023
0.6177790493279033
0.5877572061839991
0.24550392619386965
0.326139900049257
0.6839031226040599
0.3479505564159324
0.18795965040384593
0.6481005446768405
0.5325386469608846
0.5162118879349694
0.49418594289739737
0.4243389591182852
0.5734293193286958
0.543066002123889
0.6154988280185272
0.5859556458236003
0.5440424325714369
0.5711055227020356
0.5380975333541581
0.5055758401982196
0.3615719368411574
0.6088624021964582
0.21769042641416453
0.6122895280227885
0.5884958185494106
0.5525257289503595
0.476935395152684
0.4772953106024084
0.48456235241047035
0.34122403247480176
0.14611935044305915
0.3333936444239647
0.3446450231871445
0.21090207688386275
0.475220600534355
0.31313049369399654
0.42277193710108674
0.6510782949631194
0.5406213044575507
0.5479601216065161
0.5172963933597564
0.24599366580973778
0.48671315185553654
0.41865570005664526
0.4128581648382611
0.5085057240102163
0.42024480225129096
0.4092359293484551
0.4867884661894479
0.6576316363159814
0.3470847768368382
0.6499650796979489
0.4989759384641409
0.4863004263399951
0.531737357159039
0.216649631554829
0.49955774523412416
0.543072197303074
0.2730028710597129
0.24927828322955478
0.6814207662869248
0.5569584396191629
0.2937037212428582
0.3310045961688151
0.4093905570948714
0.21561489803415917
0.31678316492321745
0.547348209959123
0.5169666354976375
0.5054596193840158
0.3215606083865175
0.2839381694764059
0.39316890053268566
0.4261433223259899
0.42344759417624944
0.4393226746142851
0.510286392766676
0.3299256782823329
0.46432022167101394
0.21397477214115312
0.27031768819404095
0.3249536776270994
0.20855946705898748
0.4041025999642572
0.3166375469356164
0.32595854564527654
0.43858121496465385
0.5350248977721775
0.17397152074125333
0.41973364331859414
0.34597913700609456
0.31826233548447636
0.2255865502237997
0.5318537187368767
0.4000175255961679
0.3801815135189921
0.33548306408147277
0.5037522528082772
0.19689296013116928
0.3904484106969831
0.22134587699262265
0.3901017311520673
0.1586506053217411
0.4019167893480986
0.21758131986959903
0.21127796111962202
0.47598461315073876
0.5673359880920719
0.35527982569188044
0.32399615805465637
0.2960546284161003
0.73147397245601
0.30054661255298043
0.2894600214113693
0.266475100473548
0.8113639735004695
0.7565873976649591
0.3808317296679731
0.3168304816476665
0.28003142465026676
0.2313696959439459
0.3646558056183101
0.32410935931254187
0.57273431405541
0.31707071599400805
0.3192981334679192
0.26978442279971315
0.376173427231791
0.30794583052206453
0.33840754683801866
0.23364992558417944
0.44579397986803815
0.45916523028547396
0.4123076506053847
0.37316394984176904
0.5477359092217017
0.39799892269634474
0.3702468265731054
0.5291929698311596
0.2823628639301722
0.320863815994471
0.408661435626631
0.5388913271626623
0.19401879129158817
0.4602430873050663
0.27003301712256716
0.21327850781176197
0.4974813879769875
0.3909028208385644
0.2287504705874033
0.5398646388956294
0.4618116212413351
0.5276244944788435
0.3374856783929031
0.33444419000226383
0.41174000753960394
0.38033374515679513
0.3508626818387288
0.6064837443561331
0.23094949522499153
0.231380339606864
0.6624317659454856
0.32165224108275514
0.35021368738518827
0.2744487062873846
0.27479562765533105
0.39004341074572657
0.19730679722551564
0.28239671649787773
0.5185220758801861
0.6169515028148834
0.574932256420058
0.29060817379382353
0.2784083859879526
0.6100614973668746
0.23308221715918837
0.4427322292335076
0.20814409835066672
0.44840076117268773
0.22710791182631923
0.29369437838469137
0.24473540324011492
0.23567598261916362
0.23033708084508658
0.687738515220655
0.6633994299088899
0.36134862701190007
0.3694858547158578
0.19995591449380726
0.3406293528344506
0.2706346891176268
0.5994387189132847
0.34614017229383554
0.19840246768816452
0.4512282826397283
0.6525501936599486
0.25738112167244126
0.33863144172351045
0.3743635367268331
0.49956910972254903
0.2878445979692047
0.40455776674582605
0.740490429910153
0.6969427643068383
0.4091339078245331
0.3807463740798261
0.26643316459681443
0.39631549408305283
0.41436163145705995
0.23938292449565476
0.2842086733390004
0.3925609292328733
0.275845287275776
0.36009557664010855
0.28951566564000275
0.2829594546568569
0.5840351369898729
0.21192161875133683
0.25388704403693874
0.5281975117106966
0.31398178408557864
0.3362780827776872
0.39012195105792086
0.3866479640996056
0.3367942515829067
0.28786881576658574
0.4211748042310372
0.20658031048892883
0.1905921416190452
0.34875468591680636
0.4082243358677501
0.3789280224035302
0.4372609129427298
0.3753770247345568
0.34438625232372416
0.4073653265224424
0.41563014880854693
0.2051097756736969
0.262027948707419
0.6251384381118159
0.6749004004040882
0.3174875937889666
0.49450365531334894
0.2630715358635626
0.235899827272954
0.24464113343534452
0.2256548271927369
0.4415430248246737
0.5929561495472024
0.41822558867219134
0.39519051440323943
0.464112882533792
0.31431058980865095
0.209367339743039
0.3697274288858724
0.21348028028372312
0.459226329458168
0.5100999532330736
0.2452549443746967
0.38256654178832605
0.4713312754590211
0.17160241184023836
0.483891161808841
0.5420529992999982
0.35267582628291866
0.44233254304090036
0.4139976830335735
0.41499140862376244
0.3151260346973994
0.5018801627925957
0.2935356818691838
0.4104527708635266
0.47047559663479893
0.3754751754269719
0.244612565240532
0.5663414216546082
0.5417920223959851
0.4845977646150824
0.4028434435027167
0.5942649089859144
0.5568268452674546
0.2862973744779645
0.4024270244605852
0.23774034764469124
0.36888421995668447
0.31323044237444025
0.4534383655397097
