0.4544712693077993
0.35735012929200954
0.49676310612830205
0.3684296387838919
0.2736475076792106
0.3126518797681757
0.32289396542332716
0.45680841343598344
0.26125777788452553
0.2559487473460946
0.2872415888375748
0.19486712649581406
0.4637513871410401
0.431505157663348
0.35241671840579625
0.6283005520005166
0.5604433574479702
0.559996946798061
0.3192806968889662
0.2667779406618235
0.21427198523948202
0.32920248938419383
0.4153256734901644
0.4679645838583839
0.3532542312038768
0.2925014218879785
0.25059518510491163
0.21788353011498968
0.3750591141794764
0.2273011767004633
0.4892314308034481
0.4235674758756029
0.3932469376131283
0.2784452267641678
0.3047825829886838
0.18903954099205003
0.27944326964519783
0.21551613484096893
0.31548292801263356
0.2892952224969333
0.32318657620162106
0.18703729809189168
0.2243281687840988
0.17547734772681392
0.2960618095379981
0.314465087362055
0.20357599840648513
0.461493086808061
0.5373534160608919
0.16162024273464473
0.1654741213879568
0.22645927826034914
0.26057981150622883
0.16650394546039365
0.2735583597804671
0.25002455474411966
0.3265135992397697
0.3800350375749669
0.27502304424590945
0.1791912765067499
0.3424658952420094
0.1808303217981396
0.2661201428529059
0.5105952266240891
0.4698083913833965
0.6342103669235946
0.3909094325642439
0.3555561006241758
0.258422824353761
0.45236768827454793
0.22274544694982643
0.3301585385678243
0.34030058875632885
0.19693200737443092
0.35712461420354363
0.24704385430131914
0.4104251341954776
0.24299996404494448
0.24940201408624543
0.21197195601395324
0.2816603214059321
0.25719450385696835
0.25888700820252186
0.2098741553725574
0.3036839053593643
0.27824348652585484
0.2541563840029674
0.39561859828651424
0.32776460268400254
0.3385608982222685
0.24158247711824837
0.30997954038440445
0.23488600291858672
0.2183953062900044
0.3703527446661202
0.17250755298946596
0.3601974278345238
0.21812762387854884
0.1717976969149569
0.39685480951619356
0.3469068889165552
0.2590607584650225
0.2958814832056805
0.4372451784044541
0.5437833978467511
0.2853829766890901
0.2976783079026371
0.2006316353519095
0.44258430188985165
0.41242691251999997
0.382912824495722
0.4482629513661103
0.36495034709730423
0.37042018680044236
0.34237115222421666
0.3151931938373648
0.2892238325583475
0.32358361446856454
0.3990935450372684
0.25098196045869686
0.2476314909096511
0.3441961036914546
0.3461964157998423
0.3188412218069847
0.2926799215680375
0.34171557414038156
0.3145555891370775
0.2886078826382241
0.32297155026633534
0.29659359513771466
0.271506045158123
0.20479006371924474
0.3326351347795612
0.1828444934413947
0.48658641545964104
0.23918687951599918
0.18727750574205665
0.34379325491266005
0.36649894673868477
0.45742877792340564
0.34042171884086014
0.31329664835340104
0.28739118307717326
0.392872075041321
0.27391511148925496
0.2500756964618993
0.23177238015351098
0.2857682195530324
0.22157025532023988
0.32662090067755095
0.3162867398728903
0.22111025470545698
0.25092537736570175
0.1988477612309004
0.321174784787409
0.29490791082230333
0.2699350054819922
0.24520749849285084
0.23339197634655515
0.8157073369163218
0.35404301666423854
0.22290038275593696
0.20204016945618763
0.45795529602885354
0.2918792100021029
0.37504479883334835
0.4133248373719372
0.294126188170683
0.3946060576522138
0.3009859342134084
0.27207675459438296
0.20359741432401735
0.3117988521352514
0.38676352649531404
0.24700683100255572
0.5784347557982504
0.43195114121058703
0.21572101283948872
0.28928153875625096
0.23783355642229037
0.23860167326724532
0.23442848321742668
0.28301903461890315
0.20540070385333897
0.20503863226068814
0.5547068553603439
0.17726943594378983
0.28326596945851296
0.3175667417361726
0.29060734193656873
0.3823235964659698
0.15597412364584107
0.1778350445176367
0.24038626806750849
0.3864642560461398
0.39911768489644
0.26200020467502405
0.2957179634394408
0.2116430122005385
0.534183637548819
0.4602291830817801
0.1601429004589361
0.271137070332739
0.2104012973150039
0.14254685715023327
0.2230042572697398
0.5202039765951355
0.2677222657004642
0.2581801261206996
0.2446730188653356
0.17851253932407787
0.44462395571315444
0.24890551322389282
0.2798131531101713
0.720626550464703
0.6278957586048866
0.2773001379324857
0.2532675859253424
0.30046375638040684
0.28577334264034643
0.3742022344041902
0.28278359275677084
0.3023596388576532
0.22650249919783016
0.3405033616931414
0.2104244283256551
0.16210018027816991
0.25000318118434267
0.4400281656698874
0.1696913735079287
0.2797833482740289
0.20964469268131833
0.40999271922097763
0.23812843168896958
0.2977926619335956
0.19877481993991794
0.25950440481813186
0.2659275309228847
0.3481284046841074
0.3366443753946617
0.28899668007088924
0.19883243325798297
0.7362161897549561
0.3037375843554994
0.42171368401936615
0.3220802382599827
0.3835823635749079
0.3383246521771862
0.18308173394047839
0.49884391909380654
0.43147070601326626
0.31485492277369725
0.363900034883222
0.33742229273162205
0.24296675208401497
0.2707722431230232
0.20660285433297923
0.3599517032364468
0.3137315940854497
0.2917771511870439
0.25048629529522015
0.2240601983475062
0.2800676277852405
0.4310288781329472
0.2726820053652887
0.1776149509426532
0.23404530733516735
0.2945780585707306
0.23952357681282044
0.34416819664588566
0.275741462627274
0.2648733307329059
0.2564340414313025
0.1696601748235303
0.17058358417630298
0.44404045932403063
0.4370745281727279
0.2768266587224339
0.29526963154143326
0.26405606578417845
0.2917353670736221
0.1960497364214854
0.21862668381849443
0.37126628950607987
0.16264851652303763
0.29000443115457514
0.24368629625736515
0.20673394914723062
0.26626765393472035
0.2735290358749481
0.25414834739696207
0.25412130198414346
0.4545592660275368
0.2654739693361364
0.8132418166085064
0.8674558162655032
0.23530099133165536
0.2523491851059646
0.3862241906210017
0.19951672364068035
0.16327298538139934
0.3242159893673579
0.20459306113094308
0.2123753430874189
0.3839082112904541
0.35491631328621354
0.2944822282243175
0.28210389341184705
0.39319438327936973
0.2610576590036622
0.24079581303759565
0.2881362132245427
0.4232959070921392
0.34313539537153276
0.31664221652655955
0.23663463577675015
0.469756385322673
0.24014358128851634
0.7967836433672326
0.37186115058921226
0.2853042245700726
0.21053976866635804
0.16793522682359519
0.4600642381495451
0.28752765196646274
0.2800880103030948
0.2832995344022898
0.1995132470076329
0.15841296617906495
0.20066498134970884
0.1801795630065116
0.2065176097396078
0.46246992445907636
0.18759147602024817
0.31739183227794726
0.27857211720056946
0.34259246057000997
0.2880235129403348
0.26537141918932206
0.24204027215204696
0.33063550571323413
0.3228658382350943
0.22795597042777527
0.3315211097471325
0.3227893830055426
0.3680401760863969
0.2765822075841724
0.4400813550635891
0.351746315415035
0.40622288291710223
0.5284682253871201
0.1848692550761276
0.2829185669491127
0.32385959952961507
0.20545341782446488
0.27358717855673076
0.3589897382559918
0.2325871450974111
0.2858938420504385
0.3077854841146828
0.2948987179397503
0.3931107547744368
0.2588002837519711
0.30543919331299674
0.3175935217035403
0.5416542963673026
0.28894648148830454
0.16860595267705983
0.3918191619194443
0.3636906291016513
0.19514452518542236
0.4449711739196278
0.22135430231963693
0.2696460190719365
0.3779589095267536
0.2915943394898984
0.24448281370458416
0.268979192540601
0.23862644787275158
0.2066987964621231
0.24961737050353716
0.24498374501605452
0.1892595328215275
0.2776246131171112
0.2856097515934802
0.2028377863698895
0.2757609503701813
0.20050398963104424
0.3130780745025061
0.3050297787047905
0.20789601207712116
0.18887552400100008
0.24860667059185457
0.18782050400158964
0.34620922808923654
0.35229226503593175
0.3640787293421832
0.4251416414803536
0.31008281971043583
0.19606087417803755
0.3280937838791748
0.5307942486231747
0.471688319253479
0.276036282594218
0.45260019580992733
0.2820598419244659
0.34906211300531476
0.32265362403996983
0.24751764778916832
0.265014406753897
0.23298938811995484
0.2700857147320822
0.2627522659860308
0.30921807897131015
0.25052397929641285
0.3632864643005341
0.2143874743280916
0.30050144395688144
0.2554926672983229
0.37261829328298324
0.22105042518318616
0.25879174481111855
0.2516208482925744
0.32659406619648224
0.3555142046783332
0.4397374398729586
0.2671996695722727
0.28391264443372793
0.5644003730915166
0.38900114651326706
0.29346995139630644
0.38452879986387833
0.23294584498462997
0.5372381473877873
0.3651821937752283
0.3237223274739247
0.19570988044501045
0.26304322514891515
0.28052038041757515
0.2643007743711626
0.31608989790553776
0.3883565727737101
0.5232903655209695
0.5457546886122527
0.2646202291592221
0.344366997762658
0.6091799361593626
0.6378578826047523
0.47806399488819656
0.5756373256211448
0.42392583845416376
0.22218635655294086
0.268584081814338
0.5801653330074048
0.5308124486979323
0.4985388430745436
0.2754614746502472
0.5831734364688651
0.49870067341590885
0.5737246679633023
0.5451222615454966
0.26789286741812507
0.5798279841368136
0.5408718749370426
0.46827093266294145
0.31614334953450546
0.6118343967726537
0.4021465470613668
0.6835064653763817
0.6471642961364155
0.30780049085735445
0.693489523962882
0.6239003109870107
0.2665638536406994
0.24744536699453332
0.1880952413138048
0.29907123626676757
