0.45903800093958225
0.3962881981459126
0.5520373413248959
0.5136495213237396
0.3240189589527788
0.3184517201243868
0.540212184439492
0.32630006579808873
0.33284913472497824
0.2363822816142985
0.2654898780784152
0.4030955929343665
0.6049365780812002
0.5742757882452549
0.5490280888653606
0.6418651592714032
0.7762453055361507
0.6228747076438587
0.5895632213253463
0.47031419586033857
0.2638947112532673
0.6719733282752741
0.4306191497317828
0.5150418207122858
0.7939152488950233
0.3642601084504702
0.1648788244537949
0.7693421194862121
0.5315821470993232
0.6303843500654963
0.353283771693689
0.6514881996230992
0.7958236010081897
0.7951323761220805
0.35044940059001445
0.48519900543487604
0.8158952456396191
0.4258268790775739
0.46405109541867773
0.41794992983027685
0.49601874398663526
0.4727222622497732
0.4302273440919487
0.2898008114988104
0.6871245742461988
0.3192391579161789
0.7172426546023296
0.6914276194739318
0.6519365819582307
0.44569692797509014
0.7320360580694361
0.5259510973437087
0.41749422000057
0.2456895826694392
0.36435285438226533
0.5398698709621135
0.28463133136285174
0.5130854136908558
0.7975581222055219
0.44110770908681046
0.6873600470479896
0.791298443074379
0.39643988565759436
0.6695852887645858
0.713260054566444
0.45845265112276523
0.39330548770602963
0.7687137040216659
0.4051980763001706
0.4754441806780112
0.5795409135910892
0.5154150944846135
0.7337282692850253
0.6202573929263339
0.5908864219677487
0.40576830542550807
0.670436469742893
0.6400029007814555
0.8023538398562567
0.5986146454907975
0.5682790335631962
0.5681827832042583
0.8654522432625704
0.8504323682741767
0.5069362375054697
0.4762790828551228
0.4447682487881917
0.3927982449704609
0.4601447055877719
0.29739674936045
0.4397404974305482
0.47073914253103044
0.8133815399312067
0.8001348931724759
0.6647408355032842
0.35128471592149496
0.2799577089380941
0.27144212145464486
0.3195875308334706
0.2740602531800765
0.3731787312912849
0.45464598304744536
0.5463203377825098
0.6997183748534173
0.7170052630802528
0.4985689595626941
0.5667051424346035
0.2926208302539155
0.3782112526085172
0.31362249632390005
0.6078646230502873
0.7751109973854621
0.7529650767289239
0.8128062093619033
0.7950352332924657
0.7630720284673456
0.37940660708245527
0.25818421930508517
0.5314920914720578
0.7883349920619347
0.767131812026895
0.744411430440852
0.7949141821729947
0.44391276876512903
0.7465624474893588
0.616490146333876
0.7774876676981104
0.7555045072747042
0.7066840031931514
0.8285532345077401
0.8103817652302163
0.4915491580534754
0.7886850529603733
0.7675085038799194
0.7979421771914517
0.7710118484199469
0.7523677816859242
0.6064975940585803
0.7729999428571382
0.742260626494591
0.5606943794198084
0.27460634807730944
0.5111664473022506
0.4553807240368191
0.25710790796530963
0.5728212902041772
0.4765121856507197
0.44768223001296487
0.6017475386691286
0.30354258108299736
0.35922404729315804
0.5089896884871489
0.44391967566866636
0.6693558649174742
0.626167153225945
0.33947481939023766
0.32567739104981497
0.5682670244474141
0.47643719504999815
0.6601457816831479
0.6319451008134142
0.3186431214630213
0.5498322035531805
0.5501913941961993
0.6962363954923411
0.6962354336574551
0.6815404864234131
0.4193362609292084
0.3026734250009027
0.6350885695360018
0.5870140123545388
0.28159372080034073
0.704117578489639
0.6674211786395728
0.3525855563382616
0.7268868886143439
0.6966215152449096
0.36217112294931664
0.7056548017450176
0.6750418491034126
0.33325898816511873
0.4753276300515076
0.6558573004459176
0.2918661247052154
0.3432202498345045
0.35109366824267496
0.1823323817367715
0.4643282087443568
0.299711802246823
0.2378549000918297
0.6179496261859669
0.30643544236679365
0.5868602451803627
0.42943349536416703
0.5537971774527201
0.525155750874886
0.6384003895122274
0.6022858351523735
0.49980757313997126
0.6449903418002895
0.6168006131961203
0.2925443596325592
0.7246051857868622
0.7107820905075158
0.36429367901380433
0.34149558191031654
0.5388679951861907
0.6484118052256203
0.5735757431860576
0.543729507377299
0.22425470329246158
0.6049696379958253
0.5667866200757101
0.25936219518657366
0.6747564632039903
0.24106228517206515
0.21432041763493506
0.32357055407094765
0.6603043968762582
0.5072212417718458
0.2624909426801507
0.8452743342319348
0.37382370048056374
0.18427807827152387
0.29747409832156757
0.7573781607918717
0.7321463041144016
0.2172289001273422
0.5698993901686333
0.4053364754828595
0.26679049048624986
0.2205599697711754
0.7175729767399465
0.7994899593922441
0.7790065258022909
0.4402136998185125
0.5299673828050213
0.3402276133753443
0.4076098714775052
0.48627417052718847
0.6458517750360608
0.44364828112205595
0.4662454150375836
0.4264175894657776
0.5836623003079329
0.47738380524397495
0.6902315305013754
0.663253850677933
0.46158600407609823
0.4822706082237532
0.6528187553143335
0.3502170616251941
0.600708119589106
0.5708201489281267
0.42251632170263476
0.597457745548232
0.5677130947340463
0.5516005614474213
0.5778613841100002
0.5759484329313808
0.5849675813636274
0.5548016953161098
0.35916769925688136
0.5945634963311566
0.5744476718711846
0.7152163558735349
0.7211905417049356
0.30664333521300075
0.4082747772510122
0.6533623862869448
0.6038525148470925
0.38172579036923676
0.6956602380574897
0.6613503082345724
0.41521748633758176
0.7291952414506645
0.3240118310426977
0.29673290604535657
0.5827358437992564
0.5416158665790094
0.4116900179187702
0.44312396386853453
0.41491912737682396
0.6690526272468896
0.7713012657053063
0.7468892986504272
0.5395230865391436
0.6864316749729679
0.6414100960644326
0.5074195508417445
0.34850644510381185
0.2839551134872038
0.1716170063639386
0.49256930847768804
0.26976841110378197
0.32007963958935826
0.627096423185953
0.587119604707106
0.28736414881420497
0.7890532177033076
0.7513712183313981
0.5959641319792292
0.7722919841062801
0.7373652182953914
0.26027789639511545
0.5020519568140276
0.5845156470786407
0.26189461230198374
0.2970281246952165
0.3698542310265835
0.523290840614457
0.6838128627310728
0.6547001451144341
0.6264408103935637
0.47033425702694737
0.7202643641116255
0.26046297378476857
0.32565799553300084
0.6678929600944573
0.5535678445390287
0.31731592492271954
0.6775019379882897
0.5550491534847628
0.4031051268871636
0.757761054811203
0.7341944844648358
0.4984948232556652
0.4824437033399529
0.2844381168445308
0.32136475550517185
0.584065118331833
0.5537961902446568
0.8154282611805921
0.686579791312025
0.6487422022492739
0.28941528103756414
0.3238452375749465
0.44352608522069314
0.34974313462861295
0.35005315354482114
0.26455864662651246
0.4804733249578958
0.4495156498990824
0.6842592277580597
0.31570289167025567
0.7432482001702099
0.3353742936465868
0.6288775644756972
0.5994442182620703
0.5698740358551274
