0.31704675621491735
0.4801264641468864
0.31753253632772227
0.7338866418625769
0.32386412438561996
0.779224927420551
0.44815711684730936
0.43627646997568525
0.7087187006434565
0.45284054294769926
0.41821608499836194
0.3034021450951241
0.689952098978698
0.4088008978990207
0.28062550851880963
0.4338541591823215
0.4005166076285013
0.3693188759337526
0.5954297447690979
0.4083585999280681
0.45885939560139877
0.5674687317417784
0.41609791013835457
0.5093505091701674
0.5722458268988451
0.26242542073059444
0.21265354092772729
0.5827104819628258
0.4900964907006724
0.46690999541693545
0.5727739267473698
0.4884310160632077
0.40356313447461606
0.3633347342952253
0.3319360390925278
0.3050127248017747
0.33518763860425155
0.6485448877757437
0.6197216266648596
0.4050452937861373
0.4964300268049891
0.34272734736924804
0.7715026193524553
0.7491551237742842
0.7253872482853325
0.7815617659189521
0.7596084896120264
0.7357042603312273
0.28021130278497397
0.2519459322357464
0.23323720976564427
0.5635154699278846
0.36044040669885075
0.37536371811463
0.40446004077077025
0.38686836137642244
0.2699905953208153
0.46117438960650314
0.4279200995931429
0.31518813868187817
0.33983813860415873
0.2794548573654293
0.2971584980810038
0.40026974128177567
0.3574519640197689
0.6894366267552896
0.48545961387845193
0.4133986639082215
0.22132616385154846
0.3418913417083444
0.3501583419768938
0.3196232598743588
0.3817200153537067
0.2842801552523071
0.4702528419946975
0.640848279424474
0.4337980132661663
0.4462999843745419
0.3433880302103826
0.2761386940070734
0.23494393391204507
0.49864347936448983
0.2706976127691467
0.3594523218472749
0.377744803504398
0.5427855590528318
0.2924524837091982
0.5584035486263133
0.3158613297286742
0.2959996805737112
0.40506623925485385
0.37683171199187643
0.7336022179979509
0.8321692394983611
0.8144384287938689
0.7949043772756124
0.34783150676177954
0.3389284046204239
0.3583371897160002
0.49480789045561624
0.35596482292933135
0.20803844725983903
0.7053481299268026
0.5470824448115043
0.3227971597482494
0.5560445402320746
0.5328787921201598
0.49983266621961014
0.465883913049273
0.334484191098879
0.29288180712737777
0.24396789565727034
0.2516850305086768
0.2871528995471358
0.32478762535031697
0.2698747274560562
0.3308128818895551
0.7608165070192635
0.28247111539147235
0.29197452986336253
0.2767538944083266
0.3749668633062178
0.403462288383294
0.27751424794923124
0.3801974888370952
0.24617585017805726
0.25333988295692655
0.3237610197236556
0.43694243151874834
0.3225988968859741
0.5363242254583457
0.3410956039185286
0.3289690248693968
0.3002023899834388
0.5205677990308518
0.4789968001595821
0.44776119164308936
0.642867994891081
0.5266837692954875
0.7789904528999606
0.447019350848069
0.48665802047425455
0.3265801868962284
0.6270789612771488
0.36284931746293975
0.5817338248052853
0.4925895684645841
0.4908201469681132
0.37719778699905593
0.6860841435871912
0.6373108687055764
0.6195073137459668
0.4048585606236378
0.5351400279815751
0.7334029486929735
0.5593114702477454
0.7977371710051218
0.776921820661974
0.6279348414467387
0.3501517480403394
0.5644996085770632
0.4524835957606152
0.5815004773611714
0.6483607628399135
0.5234102972987955
0.3688296674420301
0.4304026949923218
0.3922820941815821
0.37958332680953016
0.41844138041408074
0.2626610649801362
0.380958592996991
0.28334408702952596
0.25305472575405663
0.20811480257898493
0.24074957501707156
0.3485550114533472
0.18873601574517745
0.5023354529837097
0.5319834627120136
0.4888361815008141
0.5681578119558781
0.5423841438799865
0.238105414434902
0.541826720137535
0.5358967611446606
0.19324557413557
0.18973992571694087
0.2709144495668966
0.17476059099073887
0.5091205656170509
0.27574085988530084
0.4746893224504034
0.4045504547055023
0.5179422949996462
0.4292652550681295
0.42349477765033794
0.49826877353746374
0.3240889321602639
0.3561638769507363
0.40330008938434964
0.42692066461744016
0.4550603997074744
0.5943129742720118
0.7543353610517138
0.4128405283384492
0.2836376164396976
0.4576818167066513
0.45599038254735597
0.5269784305805879
0.6391726619499752
0.5416985971442768
0.5586969791110118
0.2662670994041904
0.4831209046466448
0.6963729822876318
0.6698224659737154
0.541752783301754
0.7914122003906539
0.7705524597199209
0.49325586408423966
0.3251898058819749
0.3434799551818025
0.4895998985290303
0.3232156537230854
0.5314444955542315
0.46545722005929674
0.376724447479191
0.510049228715197
0.44089807651013535
0.6852936878974057
0.6578756479189185
0.4167441002685669
0.4539220323358401
0.3700126985146566
0.4723023422400381
0.28509081786243295
0.31180488772026355
0.6486490297186507
0.34645278442986643
0.2958770556576064
0.6522085931831769
0.4691276934825066
0.27145723546700684
0.4259150949395808
0.5802442296959959
0.3761662798036997
0.3915311157109656
0.3901890705615111
0.3698727933235626
0.38385873351143873
0.30130631637315447
0.4675417832320137
0.3306684139494184
0.302936641946199
0.2719578123866521
0.38514824753980914
0.5903796292420822
0.3783774651648723
0.6431038198383937
0.34566542495654706
0.3966254372076684
0.7412165486113282
0.3157227131421557
0.5555320535924515
0.5157889642126285
0.2879365120483356
0.2691334810370733
0.3838755145439436
0.35439398762855356
0.32136981130802234
0.28371595857810467
0.38885036764523884
0.2179466218463248
0.6392690707909408
0.40918306679479893
0.5318427762365348
0.34787032810842616
0.4471631862988681
0.24776736700693205
0.30309796524831895
0.3158958256253412
0.2639853516723854
0.3087248679485438
0.2778080257071611
0.19244807598723931
0.5370786268217199
0.31830266504823423
0.2015409887604851
0.6538249968552969
0.19979654733681165
0.445300272149096
0.49875362890593933
0.3375808848882354
0.46267316726364754
0.35773320314486623
0.6940221662710584
0.46248776284635396
0.5623039263734447
0.37503069792222177
0.5041983254155961
0.5132204182876677
0.37631705492238127
0.31446086211242963
0.47554960056281415
0.32420600297409663
0.31795640893534155
0.5730255027092026
0.300977445819502
0.2835952178655982
0.4429016212005438
0.3108255416962987
0.3141263715254959
0.36535801543431895
0.3133333877169015
0.31186378162604583
0.3522374772321105
0.7364484226943372
0.2899628804711573
0.46599144123531067
0.4325714357019199
0.425788997494445
