0.6704272728773927
0.2646143321147098
0.24177116875948304
0.2431985116648494
0.4132354111790243
0.19857162853940238
0.4829792857632152
0.38234192358934027
0.3058651075123003
0.3173520303935058
0.3540440366511009
0.6318363288107245
0.33785364878060964
0.5375969418482965
0.5044160914107542
0.6434123893103081
0.6012295679777622
0.5843269003707139
0.27733331525379246
0.26885811005920834
0.2707924820103114
0.2981130438511425
0.406376351846441
0.6191393737377535
0.29858058549420224
0.4951050794426041
0.2861009202020649
0.516816114321463
0.2811947342426947
0.2341930422190383
0.6687447439612995
0.36507916592218853
0.37041892661751125
0.22628059355221805
0.3376110322626927
0.20185998691738546
0.4443179238044658
0.7436909632805343
0.8147905470814336
0.5829191193291884
0.2979860412581887
0.5373918083192061
0.5823113723267369
0.5737160705923565
0.42629786525917424
0.17824311303562818
0.33437202708406233
0.3672880640334252
0.394766469425157
0.3396286747090604
0.5261467726978756
0.49014221422800053
0.4523344204293698
0.540845090145888
0.3400642884826346
0.37181795827251485
0.3997134750113611
0.3201058901086786
0.24372791993928858
0.6057041508546919
0.3275473617519791
0.21931953086528622
0.644537706173273
0.4367538071346283
0.186152574869365
0.5844340546639134
0.3803344823251393
0.32269686348388005
0.7302551190143547
0.5537380995557497
0.2887516073340272
0.2285885212284889
0.23214035895486645
0.1926981766039522
0.2217338752732895
0.27241843497349816
0.2663788260657786
0.21123789495681913
0.31204181258855035
0.3271467160261092
0.672591864888679
0.6327426371978011
0.2090228188704373
0.21273565902026803
0.23207852015268277
0.696024801363366
0.20136943500238194
0.2478999576410057
0.36887485654371477
0.5213692287726535
0.4597613054794238
0.4202594150666412
0.31517245651285397
0.30807280916061747
0.2992099689751946
0.24178530367370277
0.22339170651408735
0.401082100889107
0.41732599679604687
0.44707526156731897
0.3499122299975147
0.3829067279183034
0.3258047998847952
0.1775607125885578
0.26281874835717595
0.47208486948537604
0.24302599912428277
0.23277963735078294
0.1932792970284475
0.22029351362878166
0.2166840465661205
0.39378856743940577
0.3186358565736123
0.49244481109320126
0.6688709598225101
0.5929580442642379
0.31280443679143727
0.5147214786965979
0.339514621076368
0.30726280639505427
0.28035797098856774
0.24756014069411
0.4501401071041611
0.4781317632933502
0.2984875241821407
0.31109999628535157
0.3119325258303428
0.2151636223968235
0.21287842344716126
0.37093560883211607
0.26464412664815523
0.21918988956426425
0.3068060289688031
0.5635737413415379
0.6991213893952375
0.21270398275441985
0.3130021002493884
0.42758959792293727
0.2849115272362837
0.24804761934019798
0.5029111445321511
0.269154545660733
0.24777918630518753
0.22076884506893812
0.26075133607933887
0.21846147837883648
0.30209619997904674
0.4562024308001061
0.3554220614500848
0.18984100134010876
0.36054477082480774
0.19593010904112304
0.20624027289147445
0.21309208607913746
0.15883916451848126
0.16217344387098145
0.48088210174603596
0.3446013181628775
0.5223765909119362
0.3915497240158021
0.3591530812607045
0.26237835436184037
0.34742509412460804
0.4372903345318894
0.23996574022919454
0.3318510738515773
0.20389578139960857
0.37104636069080976
0.41937299447096793
0.20024132993062135
0.15575353513185197
0.34493509113911686
0.19538654998080698
0.28889132448116
0.31283508585010883
0.28169503573153654
0.1915949832048339
0.206653047379288
0.49190204112956804
0.21528304752211727
0.16318531219095428
0.23294278685660377
0.2663780347417695
0.33246387578478165
0.3596417901884077
0.2448679115620546
0.30055854906282337
0.16743571146425978
0.2851040793243037
0.2551049962326195
0.26295096102561155
0.44770539669995824
0.23237392777595503
0.1909587256208323
0.21973108638815392
0.23938339627604693
0.3662389171061361
0.4610099352115875
0.4127394934732844
0.3303339128404615
0.6276336861210222
0.25412012499998105
0.3002844744436789
0.22228494889509773
0.21195633377263928
0.39481233644533487
0.4350967079013056
0.4338702370294669
0.30019793921178173
0.30188246772790217
0.45282642791559
0.3046714457130581
0.43723615809285515
0.2725300690202925
0.21911901822515895
0.30539013370514384
0.5374588834992664
0.18845982761543265
0.24356583538639784
0.31018868114879894
0.25847633617669513
0.44876690750988774
0.33517807523759413
0.4318175139483447
0.44948551639930734
0.5581320389633455
0.18722851417784195
0.3692406746238965
0.26675103035355785
0.27533845764610493
0.6490749300513847
0.36402350848220405
0.5806260546162473
0.5562088507956399
0.524664565864431
0.49335840108158635
0.4810673330871098
0.4037530671956946
0.37697989382744745
0.4641098157296809
0.29798135758739647
0.27572110906563835
0.6069690180286686
0.5772804770998737
0.5470237602018413
0.35730986187996344
0.753128934680247
0.7292004680567895
0.4619763693280964
0.4912329217836598
0.6419674827051991
0.32174316499035993
0.26030415072640545
0.4963434781221824
0.48364239621258537
0.41606637322245826
0.6473463611028338
0.3942317382144863
0.6500713056005305
0.6220365008343711
0.4449166950300889
0.3254939958291924
0.31783839321486484
0.4964641057309995
0.3578779856203303
0.3600064765080764
0.5069760821559864
0.3655228691912997
0.3953734707160238
0.2872461897312749
0.3465554798319255
0.17515046528346073
0.30753460820133843
0.28119007007748276
0.25354372643404294
0.2835822260742013
0.25354966841210297
0.23091469822558724
0.20056370871290333
0.25892996805233626
0.23002763611243648
0.38903806341052827
0.36300161044946494
0.3310248191064257
0.2984180581574808
0.27331470163627997
0.2493698433026082
0.4981454637939554
0.6614658170456115
0.6325421454818094
0.3607247275717338
0.3323184728717214
0.3041543624215289
0.27288527406943686
0.3746487998565067
0.32485392409416947
0.2616908171495448
0.35718340220125794
0.33582394237235397
0.3980007351845783
0.16915606671066064
0.235211167740221
0.29490565142883335
0.3278861100854545
0.2982824033909658
0.2505483453440776
0.26750181791607824
0.21648490155081765
0.2513890059378364
0.2049295165589578
0.5445761704119478
0.5170562002126302
0.48071580067002256
0.30632483523782755
0.1748900320584314
0.23206784315670095
0.2561104357470635
0.4295138281203627
0.3154660065096475
0.21310279934590112
0.22904590056677723
0.24683223759018302
0.5381518347365676
0.2890177817837968
0.2118167799889771
0.3312671843694652
0.22979700765432035
0.30671146411053946
0.39318159571741845
0.2782685777523822
0.3532936954233955
0.7315440102384546
0.7068949939665918
0.29182318275844366
0.26898709950292643
0.3088809253547475
0.5635645008729422
0.533185149938349
0.5025013097972372
0.6546264811458335
0.6264929131050466
0.583367349831919
0.5812722287465818
0.5463235911019442
0.522895007961818
0.3238168206756734
0.23070377207288575
0.2352793081572999
0.611614280765616
0.5716108273173295
0.5397186313267419
0.37795854767273473
0.18851203346428042
0.20209208342934878
0.2151621989132801
0.20613179181912136
0.4628573841905585
0.630141957205737
0.3077257798270214
0.24239561878513463
0.4532395849104608
0.21818513708626655
0.5596045383418435
0.3932749678090833
0.24821630849834483
0.17402196368962122
0.2590501183583073
0.3100207453133601
0.4176371125441038
0.3003242201354838
0.3447975341973397
0.49968055898448815
0.4311244934946414
0.6993469597486156
0.672875828312771
0.712931017563335
0.44288672175488586
0.5101806832380936
0.3235299012733946
0.21972019254447236
0.5372035073433116
0.3524230589442587
0.29952109846084807
0.7726347850118642
0.7501369071032649
0.7264213167708142
0.7461951519635643
0.4509456189773787
0.5590043415922787
0.37337321287983427
0.4118620039353408
0.666568247420557
0.6361211517843433
0.6124921783196612
0.3891112129041711
0.2377423583897238
0.2546306363512612
0.3361899866187649
0.2633368534098385
0.2199323837166684
0.5785821850406302
0.5481226104177043
0.5163313066917318
0.4499728540963096
0.4999418010615854
0.4957411707981367
0.2141962383228836
0.2781999564429224
0.46058251247789095
0.6351517400809423
0.5883156242716135
0.5577049232915801
0.2010002162419495
0.5087031819828185
0.29614006154928857
0.3899946622580028
0.3264540703609658
0.16581158741228458
0.4913644009053249
0.3699784606083881
0.37816050224235104
0.3070190033041014
0.30429895497406984
0.23896063730950762
0.44783978826912857
0.3244012820845099
0.43853825761641485
0.513793350933584
0.16209607267358436
0.4222723204219599
0.450333140461041
0.3725880250047524
0.3634739732409215
0.21812844883172014
0.17881245856415248
0.28191630127638234
0.3577597691011247
0.26412767733994463
0.2549702748338233
0.3750842187186207
0.35316344725108195
0.3513694632453936
0.243501147687023
0.250856709482675
0.18790164865299147
0.21936938300217115
0.257942688868484
