0.3279389504728514
0.22037509577996925
0.26085720969577614
0.4274681488091991
0.5795031848381015
0.33645020780086865
0.4189049719678413
0.46812601185721314
0.27710113566798883
0.2909255705889579
0.6606528900078436
0.20620394001694467
0.47665663564006133
0.18309320061366305
0.1900835203153465
0.24857029323695357
0.2658055029494598
0.318881227376092
0.2757302856746042
0.22272578822032146
0.20207688000317978
0.20178602245291405
0.3005450013406948
0.47611344171919895
0.18899241633828165
0.2124567577934705
0.2955654174447143
0.22236453864269
0.35182184990821885
0.4814501453972113
0.2316408728744913
0.3001934152647034
0.2697612429701202
0.25484762955750745
0.21738413693535932
0.44395939406193297
0.23101073261152716
0.5096973188708008
0.8341579708371616
0.6988556045242456
0.4334944413400785
0.21644035575488602
0.31116132146262526
0.3981270767474172
0.2705856037920557
0.2814180622434718
0.5066881938913488
0.39087446104953905
0.20407022275685197
0.19214697438875247
0.18684265470862807
0.1878719962820083
0.5025094313651324
0.5614092502509915
0.21561817373432593
0.4750073117232683
0.5213016617419866
0.4654325194753353
0.4255604888205026
0.41392179411501046
0.22180355263363666
0.2817553397625527
0.5291807242048272
0.32574784363003256
0.5293434606192091
0.5407966765846918
0.29584876391030046
0.38274859853683907
0.2761556696080406
0.3664905155631046
0.2754218118965994
0.3172149047081297
0.40859535609767167
0.5709052086160827
0.3404416802871066
0.7469561813176007
0.7229814859443036
0.697701440968443
0.259190643393635
0.4623402426609627
0.17434240252783814
0.8787567971672037
0.86250258838158
0.8465245862322571
0.2195221285224766
0.18249934683717767
0.1712919101172974
0.3440463558895648
0.31659687513557006
0.19416477996147888
0.40943705057726726
0.3116738985416062
0.2681088594289776
0.4019452346549781
0.2702023046884402
0.16140632451649814
0.3094605638197867
0.3836708167458903
0.4624372836604861
0.2543752171667573
0.5245235526901171
0.3258600982463821
0.29342340860809235
0.21005162748213677
0.22278416643329713
0.20444372183049697
0.2291236342643435
0.39303773671237763
0.364480194795441
0.21247973001777865
0.45476150753152345
0.34581089070100746
0.2921595153557065
0.207665902819934
0.22410719534638712
0.6686699646347042
0.19044598083706282
0.5813604714751931
0.5436469068815795
0.2508136204425778
0.3924471408695505
0.7093124667238704
0.40033479013929996
0.26750911761601964
0.27935445928232805
0.20482953420238478
0.2629694569546133
0.2680295686522978
0.7097633206948997
0.19076027442469254
0.3338939482152768
0.37238348815803873
0.5440205272049676
0.354491205074432
0.3246884784751107
0.272388289366905
0.24872149317185982
0.4143031225352594
0.42649289335486035
0.458086816257411
0.37104385686079033
0.2981574934524672
0.30796337867177054
0.3874674045253337
0.19500269034274798
0.43622248453389595
0.30246110253054953
0.3260893233396309
0.271213520530528
0.847565913910728
0.27337363024390476
0.3848799861528876
0.7625402151041601
0.6983022809732927
0.4557315155714928
0.204458371833398
0.348733325615235
0.3288700144389883
0.2295689744433089
0.30539282792670575
0.28196934950676966
0.3071394810035552
0.28914030517599
0.27132356482910436
0.48653942968895575
0.2114580477994951
0.3496758262590396
0.5043233430977543
0.511264587745289
0.29804242554731786
0.2698706777180326
0.1422449602862579
0.26084141098310515
0.20833462575623915
0.28477532145462436
0.43078117428883445
0.6375235973011538
0.2904031693700419
0.21294552250586318
0.2553945276257454
0.3912165536094625
0.2372755223697382
0.2908179254216358
0.25590807723144465
0.28444273113292945
0.4237185981025188
0.3193357594723125
0.6323142784692549
0.30041421490208603
0.5564063075040119
0.600092997824191
0.5883840699850356
0.2639153014623416
0.44130682653392334
0.38456552809466527
0.5697401406547463
0.6580815050611073
0.3743694341572281
0.38505441351974756
0.17071355943868471
0.657887276671539
0.3879686633412296
0.3514010250272471
0.24246136029716386
0.20773849855410106
0.4323534757605127
0.5306594461239478
0.2743020549983964
0.3123666700712583
0.820745779874479
0.3976072123731504
0.22796339227110105
0.2827394303454958
0.7266615600316766
0.23650930286641633
0.7436862862449024
0.2527283330389419
0.20403191292672396
0.3876760451651374
0.6258117961699058
0.26711956472159487
0.3539990530830094
0.27660743111424
0.2529672955057377
0.4794459859198381
0.29853655529261147
0.42045144991967354
0.2605388839753887
0.408032170258293
0.4615133788592271
0.2389667242369087
0.2968891279097973
0.25014330325047074
0.4508831359305042
0.3545088547903024
0.5675289969538344
0.24819898451963618
0.3795360326664066
0.24971925133697387
0.3358956471379284
0.4508008526523428
0.5297869038388601
0.3340375837915605
0.40869168846246356
0.27469980003167893
0.33367461036878426
0.2504865200464194
0.5373861242894801
0.33943274308720994
0.2711559458516271
0.3967013914659904
0.4325875279957923
0.3335320527986006
0.2849503337942067
0.18019690087286197
0.33258326616108486
0.3743186420241373
0.15686427870265754
0.33598350329654286
0.2244347863861085
0.30391461993586005
0.2944099322600708
0.31520607862747235
0.7051204426216879
0.391362931597041
0.3844871497119733
0.381897043092752
0.4511432252703482
0.4987625285134909
0.4149925751449843
0.23757595806514775
0.3615983157706951
0.33747165548002117
0.27619026121408397
0.2521532037555432
0.36865634489643834
0.29390471302054183
0.20527907370083992
0.26056113641091966
0.3046703251111247
0.7724692799809852
0.4762891669880023
0.2977046930627454
0.3965646634276004
0.24679087856683146
0.25639753338687654
0.46238325345854964
0.5094129123183804
0.4461533770881033
0.33349512495187095
0.32378214040542336
0.4689983923359155
0.2647125988835181
0.29469012813299106
0.3005721048379264
0.27639772657907136
