0.33817875450344814
0.27214473489297036
0.17831310896509472
0.28235459868785207
0.28584004351998044
0.32187917778181263
0.21342831312961655
0.22283288842054058
0.24688598932965453
0.3301446596502169
0.5146418522233163
0.7070013579270669
0.29061280900959297
0.22045461160586372
0.2015594901896569
0.3170202992962864
0.19656455819584684
0.2127828746907986
0.23039392763165845
0.18357219518073134
0.2546246420451837
0.2992421231309945
0.19144955367638192
0.2462318932011465
0.5086947946275883
0.24233403046130952
0.29164779855039613
0.30272543480414504
0.2132703104216326
0.2112047731532614
0.2294433364005913
0.7873904002177406
0.49598492150395
0.4530573953926173
0.42285574442037316
0.21658163778499795
0.2811711516755018
0.40295611728548525
0.540298340600971
0.4973263741263551
0.466693342000586
0.4935675717792501
0.42540063143923434
0.39513410551968986
0.365271428974092
0.2939747795731028
0.35019684329982187
0.22884642728239785
0.3236283239584906
0.23352136842858962
0.2217892167629875
0.2418874497498786
0.14394700733640386
0.6167452834243229
0.575335668567035
0.514337752544472
0.19723454515041852
0.2729281335169165
0.1795324254675615
0.41931680849988595
0.26915762218069444
0.2226373539888794
0.4068121090535545
0.21052179424705378
0.3098046423533273
0.3333287167945366
0.24799753909614075
0.2405825896109915
0.26876698897119367
0.2898961151330745
0.21351883579774328
0.5546846836889385
0.5355427819165339
0.5043181055628175
0.6136310494308969
0.5801510325397238
0.5499964025393066
0.2968332718132959
0.34930379457227745
0.2091365494451547
0.2926616593263828
0.25548156133110106
0.2126540208490207
0.33307788015766077
0.1970092430348847
0.2643248064103451
0.2602486491856104
0.178621334047927
0.21582020887126616
0.3061427997319896
0.205002933439225
0.5967686512185598
0.3592973834925335
0.2166450799942563
0.17646287991500748
0.38436888137575875
0.3356342640220313
0.2472935099361629
0.2336887246423508
0.29224563971382894
0.35146411437374475
0.3914438953521082
0.28587039840586265
0.2614460660948871
0.2075492765177398
0.26557062338308157
0.2520667443328333
0.27230643439852364
0.19817037890264283
0.43709971890563165
0.40717150265470614
0.3664080309086301
0.2676370713639291
0.22921044599480556
0.1315476829579881
0.3047642238406576
0.2746363664596138
0.3575059228540076
0.3567391863487313
0.32599460107549455
0.23434043740967772
0.28886392867618693
0.22106773255069664
0.3250189060198114
0.24717652895872763
0.33144310734701654
0.35608674778014365
0.28066144809658283
0.16661751427868995
0.3222504637467211
0.34066878626518976
0.35364462438194216
0.5926353988003757
0.5616952726735134
0.5275004293598665
0.24647403209376653
0.5547804154678577
0.18442253414164755
0.29217136391140086
0.22641678924167538
0.3642086679225605
0.2828416274867144
0.2583735888001997
0.7448513905777104
0.3042015679841723
0.3779627760950895
0.26122978828587323
0.2011139802661172
0.26139380504947785
0.2740082673235322
0.35527424485194303
0.4006708603242757
0.34254672814886433
0.3486660835565371
0.2612162991283354
0.24165083405488358
0.3577418422813895
0.24698926761836948
0.4147992255088977
0.2721234564695106
0.24098869542201817
0.17818203967256643
0.25946462975744083
0.32732673671733137
0.2904263109322434
0.3415955669360607
0.3630598742160334
0.3225077475372048
0.41917874387112414
0.21431493821086528
0.23735912510748253
0.2371675251551664
0.2254194910002624
0.5391855722193993
0.7135847605303556
0.2366510969718607
0.1760534000976368
0.29300137760783623
0.15048985916938223
0.30532187397983135
0.2265427421757715
0.2876932754790188
0.2407121353756522
0.40060627150806577
0.2318968936010754
0.4765462267557856
0.28869708230713725
0.16515071127933081
0.21897553872562422
0.27892157974136467
0.28249766095713336
0.27599536051348905
0.29211449958292207
0.1993301276786035
0.18924071691888558
0.42877314039147224
0.25127286923142783
0.44873693858743313
0.41820655295540543
0.37950332362701183
0.2555162679147954
0.2820062154288943
0.18164527996203572
0.5230810597053894
0.21873951767311547
0.22013951402846138
0.36190523317395407
0.3367456853113609
0.6333406745885682
0.18077841710121842
0.3411883186635524
0.26144304534910895
0.2636292071557049
0.2307540175272823
0.2095099152433354
0.17380189838216484
0.19444715523006775
0.22911585200210086
0.21530096859931147
0.29148920507754567
0.1864957332826389
0.17209785347696535
0.5390938954565663
0.18498140783678055
0.4619198705501484
0.486056195283604
0.4568045289263711
0.2338076023408982
0.5667714758342682
0.5026376312188199
0.28144547276638204
0.3977789114904181
0.2695033538235637
0.31290470213600774
0.5063621960982748
0.3332571291367864
0.39608045611492276
0.3842023931417344
0.4066441735429918
0.31907815402686507
0.17878828167123692
0.39416427142801286
0.3652589489614217
0.29628527424096474
0.312293443092781
0.25313732320102905
0.30540816904308465
0.24789745480884828
0.28899910019411645
0.3643399934858063
0.5469282700396436
0.5151332226343845
0.23829344231682892
0.32800841572351935
0.3370523257070288
0.18463248026020046
0.38398030765700253
0.34884839454957456
0.3214986810064379
0.7828297249204214
0.2399046395217133
0.2598723795802503
0.15880197836990395
0.2656356758708327
0.2741555542084206
0.185447077223622
0.3840009348674268
0.21083857046542487
0.17805055361824065
0.27078089627525703
0.23372075406265358
0.5402380602626415
0.40054299865702514
0.21726116926563682
0.39924393255470086
0.2937523277974147
0.2006160558651735
0.2796788320695848
0.34827492061733556
0.5176174913710212
0.47087077616751066
0.25534098476622574
0.28575723271924813
0.18553842923148153
0.2657177744581544
0.41645934594555606
0.39520246735330294
0.4553565181632499
0.4248812432022035
0.20083478418695597
0.4491566342697522
0.4185156566593575
0.1677385953003233
0.4802691494005914
0.4496065393416997
0.5294778013369239
0.4986739189679849
0.38690152181429
0.5277581368880568
0.4969300314564274
0.3853694598687011
0.3565820230330432
0.17600429891865177
0.28395350057286733
0.208962120723686
0.22202451602074688
0.3641372864459742
0.29949887891949495
0.7416470709945279
0.3543344383843518
0.439633622439603
0.4095117423637864
0.25309756893718205
0.32184503747497994
0.31952184735527683
0.2687022174430711
0.37396013709505127
0.34550485218308497
0.3891603919138038
0.18870820938246496
0.3122399901678897
0.23942485298738342
0.2511199624755583
0.23810121425759664
0.35114446273920286
0.3235720496234578
0.38772046880420313
0.33271612091569824
0.20699671717149484
0.4467643523069908
0.26629538391699986
0.2769158501736147
0.24980671198216908
0.3435722246540138
0.3162885038158003
0.26692262935208244
0.37399677470896686
0.2448110491836536
0.29777582992486257
0.2541632267630485
0.3648338636698989
0.33670899247339403
0.23440572207038135
0.2920826517790711
0.19336742351562852
0.3424592592962313
0.2701431970343762
0.26074484704616924
0.2666194236252352
0.18542198304224056
0.17528868655840252
0.34307185532678486
0.2760362965863211
0.2698449983770615
0.4401322968189262
0.24474706245139521
0.3780787768093145
0.3765663025710255
0.3480943337210302
0.21385130327820212
0.320118252805254
0.37981394760901566
0.5869734136923725
0.5569803776874355
0.5223697923522543
0.7870614095334597
0.25625084483383687
0.21594257752294624
0.408964788867828
0.3793978846298377
0.2651419413232848
0.25654621455926646
0.3146754473396824
0.2887237912861099
0.28021272623613597
0.3581734633854645
0.2866939280870708
0.21798387231762542
0.3969419796419951
0.25372139122164616
0.2150679801200462
0.21120123437856686
0.23889891519387768
0.2853864862694009
0.2540400640308834
0.15747126655107024
0.25064640432566887
0.3587096731253272
0.24644513198736773
0.1924573459600287
0.15404212495926964
0.24374666942344347
0.2638876704589515
0.2403793796667767
0.18373536837354512
0.21473851917368808
0.18108826890174992
0.14940750738193598
0.20797724802228876
0.1865393653179472
0.1747261725061136
0.3190689300925064
0.31564036645042487
0.28863568195732975
0.2948059452522925
0.16402123955522876
0.16734150133561737
0.2531058054157338
0.16779413885088024
0.2123005966723464
0.20738940355183993
0.26241251702451746
0.19644638932096592
0.24578104739812065
0.16056271459663488
0.36916341722853874
0.36147830473539044
0.2855942769876471
0.2374788881042073
0.3648828878742382
0.270353203567193
0.2107486227402883
0.19208004048681862
0.18455199353444157
0.1633476806745873
