0.4813879243422933
0.24318151372952454
0.25501230472839503
0.18491556638728102
0.5633371911760732
0.31880901396316497
0.3860130199315585
0.581364873850637
0.36921194901072324
0.2666607073324221
0.3178153261899413
0.6644197642971787
0.6414967508369209
0.22598151943014833
0.2986383096010645
0.589348292676478
0.35962167511900167
0.4233044718263318
0.3055840907944618
0.3276697034515578
0.4509127914848974
0.344120375190844
0.3186047122058345
0.21678288053121555
0.6100463680572837
0.5805833185666446
0.55026865474903
0.41643297546030555
0.3864919332721097
0.6947542003332894
0.23946107034427208
0.2420807575509432
0.2854256794679244
0.562850269180905
0.5324527332762228
0.5017408287743955
0.6225601233961461
0.3633474806335001
0.24725356954643563
0.32908274976143714
0.30247957230416506
0.35457766347185865
0.2284172086662406
0.2622584202993456
0.19473123055481448
0.26531077702960465
0.2419089717991126
0.3905712999719408
0.2642923522528549
0.31989206235699574
0.2600995258259821
0.41671230084837396
0.2133345185426111
0.30348991243344886
0.24578039460422907
0.5775655614830454
0.29279318262777787
0.1980521618617687
0.3945960079393487
0.25555624389605536
0.2784375971415296
0.24091252064700686
0.44016358560829005
0.2317462532031657
0.281737335497515
0.47952713398715385
0.1544274376216663
0.5280345833369284
0.4153482243838509
0.30255573508490335
0.6361968523230779
0.4067222652831257
0.3758775510271047
0.33325245020156746
0.3064886602470372
0.28104408171367784
0.39701606904695314
0.3043936032274163
0.20808287735290165
0.2479317984682652
0.5986923221622119
0.3434084930044414
0.2852776708742121
0.4163248129357428
0.3867705014261154
0.3581024863115562
0.32731354939023843
0.4589926934027826
0.42771616531739326
0.30230589597812396
0.27716830119238983
0.4110902254068628
0.2797361467953565
0.3323889669063555
0.23265660658982953
0.31737243771040813
0.33823941105002564
0.26357546143021027
0.34407162550871384
0.2240497735385868
0.19867666549325155
0.3795828692050764
0.4024243144358235
0.28833041894834566
0.4466997919066095
0.3949394300978323
0.30049563302645116
0.2915553260363933
0.2318884024905373
0.29081659919908254
0.28923008213078816
0.21350677585381528
0.4050979657396715
0.317996621162183
0.2170823956957398
0.42210653589590097
0.3882640664083455
0.3675521597293642
0.347040114665058
0.27077463096181836
0.22950551473098774
0.5180419341552441
0.3517199556131499
0.25992053317555186
0.3569234416551413
0.3488004698767031
0.34705479079872725
0.7936173363622825
0.4893252863379041
0.46392066190249576
0.5056528246041696
0.6305474173579477
0.6930933817960508
0.2419301261237348
0.2010924664267946
0.7307677188183669
0.23385446526316284
0.29641813035627024
0.4972248831577477
0.46569933856768403
0.6740647407115844
0.3498875816013352
0.33812393110694716
0.36108480843667745
0.2864880566032708
0.19966808996829552
0.5883415218178861
0.2195069409154473
0.18999855684401404
0.8115231064998952
0.36244050043955095
0.35541782037293707
0.6334341854343529
0.24476864657863023
0.21418070106249504
0.6476385662605569
0.2533195354386526
0.2326468209166597
0.6909425312277403
0.33861271588462155
0.2568529271731341
0.5614520312512952
0.2267143530912675
0.3685566848465243
0.5310038516544388
0.673115504066738
0.25583029724485234
0.3215389302750028
0.39208291080799573
0.2745206126058027
0.3126261140194821
0.2213666884006384
0.290218345516114
0.5716913670743974
0.34128041243434404
0.3495452838484577
0.2751938042944855
0.29493267954321034
0.2855639147243098
0.39558718322230807
0.23822583547653062
0.2901928294749845
0.6298787264357837
0.3564023872694277
0.29247351929816173
0.2742960635062221
0.22327120960236027
0.26919286124717956
0.2824335973169923
0.2469400904816083
0.3160826464141663
0.3470715850887018
0.35434830272179996
0.5058761790804237
0.26671728290011765
0.20278597080899358
0.22850003215275747
0.34531139130992894
0.4722105312529664
0.2757364055228514
0.2685477145544382
0.3166226924679956
0.34284730797090335
0.3737828946132085
0.3170939311486595
0.4110091126637385
0.2457496836820344
0.3307605512044207
0.36122105046695846
0.4614546234311326
0.570397281168318
0.3431587734736925
0.4904427261230008
0.4022916749769506
0.33905410639588535
0.3000842361849238
0.5098161387048886
0.25943706345521406
0.28191475008167555
0.2281100695931714
0.6961100837881224
0.2801337150795783
0.34835959410601475
0.6431833702106667
0.4033092005029268
0.2361075022346883
0.32253550238160683
0.7325325351271096
0.2529118417145566
0.30092961877985314
0.3815980031853097
0.681704099761901
0.25307416003027366
0.27045226889949214
0.3340425409300613
0.2844831360760171
0.360674740356916
0.3049776440119361
0.24945651474520278
0.3054705528814572
0.49284982800707405
0.2957592703493173
0.2745602459994099
0.9097871253124271
0.5431674669522439
0.3863143558474764
0.21988545196423154
0.203322732787058
