0.826977468896868
0.7921673541624994
0.7857178409007773
0.641567578415916
0.6476926595658424
0.5739908591623848
0.7515612629715451
0.7401967549965991
0.7153063951099337
0.6163047395018314
0.3094396887283123
0.7775262607417682
0.7448849722093689
0.7310938415174282
0.6603181236379152
0.6315899533216572
0.600371814309204
0.3347542817895173
0.601413156343508
0.5716274547559181
0.7891146752387945
0.31197339699437665
0.3657399254749696
0.6271180676392767
0.31950345736119945
0.36298536376560553
0.262677963848895
0.542786151903946
0.3220440871736664
0.5271712395805016
0.4786571305012124
0.36718473829876047
0.21376216138581242
0.49976026703098675
0.39265570145469764
0.40052370241766166
0.5434107312283927
0.8511247668759027
0.7759234056019816
0.8257363570505024
0.3275107577896817
0.6284529020286564
0.5993733594618038
0.3918184428462508
0.5042298930289534
0.47337068889291595
0.572532602359549
0.5387888643574786
0.27982379564146204
0.43525039187235365
0.6228994791222389
0.2964565256219776
0.514186778506335
0.5281575005253744
0.527219138851982
0.5616719729092853
0.38231527454567316
0.3439312074735212
0.20385311373224488
0.2876816416392173
0.3066233498858023
0.4188921416696073
0.5080798272496617
0.3163104105510104
0.26249534491429866
0.5547316345290633
0.6268600466656283
0.26779954011956686
0.21718846323723853
0.3886562101887896
0.2714681421442067
0.3983859623871985
0.27072474656636314
0.5853301531914377
0.42524984829779383
0.4857736012239234
0.22239229154472714
0.45833838281796085
0.3474704693550687
0.23855842955471665
0.28915715896438826
0.19953825391564617
0.2942420429315912
0.24752789925753602
0.6894315961544978
0.2984151628543409
0.5829573843636447
0.32099489425502337
0.5569286538786954
0.43248483876495175
0.3282101675072763
0.5784431805329928
0.29208111978020523
0.29703411170355165
0.5898909397393036
0.7818109165437062
0.7600542377905749
0.736124303720137
0.6461135816470904
0.6063623899590136
0.5763814675218779
0.8201777939984122
0.18422835030794152
0.5180009472115562
0.2566649442772805
0.40866858262389955
0.3899805588854633
0.3583636479436444
0.591172999167996
0.40502326098259
0.8130856245580614
0.5822412396152581
0.787072625671452
0.359953402904963
0.49609320238568894
0.3788211585088619
0.34990536766087194
0.3171167116413769
0.38209292331370137
0.28700154274954637
0.46390257916868227
0.65306857720185
0.6247586773407513
0.5955761382922812
0.33700501690809503
0.5424614861974879
0.5115806534136538
0.4153076073735938
0.30689066553582917
0.2450136166659556
0.6995113937252886
0.5063576976295519
0.27403123371636395
0.22398328721777722
0.5469328555652649
0.6835360127549143
0.23872554362242288
0.44164617708340465
0.34890059726272676
0.39477929632265246
0.14737375353066606
0.14084349332039955
0.22442253386438057
0.1886481244974968
0.17341869156967535
0.675146161418822
0.6449987601809928
0.6156662380187722
0.6932471445036207
0.6675740724300055
0.6294615765565792
0.4059828059972471
0.6103223168296054
0.19716995082402616
0.6389750442587762
0.606845959908956
0.5771594065557951
0.6720772365682157
0.6428190344387251
0.32800690568009805
0.22951990582189075
0.20854375211960147
0.6263265227357359
0.5971155034223006
0.5672735487468032
0.823145067728417
0.7995441893987589
0.7852786967370095
0.2867838053320766
0.2689990024733531
0.5925841268487713
0.29593169937093416
0.27141998442728404
0.5959022508675327
0.7153678262875236
0.6883235986671679
0.6548902554076115
0.7270381581088587
0.6807527476269659
0.6531981987638183
0.6183738421106119
0.5986498233481773
0.5683952386397353
0.7061254616636875
0.6796221942871685
0.7208674174014154
0.21743045072491377
0.36955388594929306
0.3387531322696294
0.4031169873331939
0.7994422186443468
0.7766049940346459
0.8104523033234685
0.31172697369576885
0.7306983046139233
0.5180647072965355
0.8226042746874032
0.8019132114335346
0.8035623960596173
0.7834673840499354
0.7619324660327358
0.36123547441438786
0.678989382269361
0.6519966179104206
0.5509389736457856
0.34210014593415944
0.3147848047345586
0.34528081723277926
0.2938346954002793
0.28788962915374317
0.715427101384128
0.295496971572838
0.26409580807084765
0.48949560784024976
0.5497322791768874
0.3086328096438705
0.25774559091439425
0.22780971581989676
0.22087800039130198
0.2992024609203296
0.7197132584166728
0.49263024820273005
0.6305471353702911
0.41279504799861955
0.24196667630721677
0.36576800748665955
0.3346960193493087
0.2847437668249476
0.28374006724348527
0.24198528528751184
0.2345412220855466
0.29640693995882816
0.2685929678912688
0.6220565996712009
0.5799730146398158
0.5595940454834323
0.6043761097184369
0.5869625945842835
0.37813272466475656
0.2563731292722002
0.6047587262442784
0.5747269987740256
0.23181347105205055
0.18661701970988936
0.40493261005895176
0.38131085659757735
0.2956737938002771
0.5280326237052131
0.3304145433372498
0.48084391044836916
0.2747031228602224
