0.41126791786833866
0.6313199025244286
0.3248279423340065
0.36039855219615347
0.7230058790991167
0.37616442780658504
0.4974739431496282
0.34658038960717874
0.4830984314982192
0.5469377018208607
0.4324169639811589
0.5075206111590471
0.4196067521406757
0.4091406671093999
0.32778842142068304
0.579542489628266
0.895680649516454
0.4029588238327367
0.385869328661707
0.5646848879230629
0.5993106364984149
0.3456606355029786
0.22152968343909674
0.5550456391503213
0.22863383921624184
0.42999711472845303
0.3349292241706491
0.17842460543459476
0.26870144443692073
0.23228565366129367
0.24324242962608375
0.2195941385054072
0.44657133043470654
0.7030005007424397
0.5359284284936653
0.3206186313689883
0.3652329345289452
0.25200825171569197
0.38950951026988767
0.333938509850855
0.23523573647807156
0.3834524396815501
0.6837794426429945
0.3135885546835088
0.20574617711169474
0.2752621736005945
0.31649017556196507
0.24036215873597824
0.273761634734298
0.259434841189209
0.2992860638511477
0.3624042705562472
0.30520481029272295
0.29511849907547333
0.6359912498086269
0.4732205570917205
0.40519374256267054
0.16001312000099463
0.4401937745086379
0.3238463154333652
0.34025930100469226
0.23551031159919839
0.33423990869740217
0.3219694517088308
0.20798313645703861
0.22651328356107453
0.29483646709123135
0.4640282263221994
0.36694469441201816
0.34779197964669334
0.24790084494655365
0.2681668360199519
0.2539837614429956
0.3699858910499184
0.46534035534683427
0.47960353610742473
0.21189834170285304
0.2829173092090032
0.4201548662809965
0.19040020726077958
0.2673340655789094
0.33991316270940997
0.2469623127211999
0.23134267984185355
0.18250598551601052
0.22494022155306098
0.3624786684760116
0.29038456004095037
0.37978590319945826
0.5033708517361829
0.4594123307659224
0.2418186019461079
0.5297848078264129
0.15841896902603467
0.18528961608392466
0.37197299624017616
0.5274307264820189
0.2999125228131092
0.23479390749173334
0.4416062497530307
0.32773757488190736
0.3202745604025201
0.2176239975182996
0.22554958875685313
0.2750883895710556
0.37736672425721557
0.2560531586262243
0.24289910901006895
0.47508302537100655
0.2421135827511991
0.4614968343889042
0.22222167440317256
0.2800304952783251
0.4084556557826435
0.24328508980202174
0.2310225190659528
0.4183417565784429
0.3773358069850228
0.3767058008456913
0.2777754724244136
0.35081837136580285
0.2525114859378508
0.44717147760130127
0.5142487891322022
0.29797042292891746
0.3484496215814918
0.21133447856952292
0.3725866668345622
0.318315290452564
0.24858764794053295
0.2571220330340542
0.3748336559157262
0.3458106003732079
0.3362969715779073
0.3211371173650928
0.5509378808274262
0.3497439189965545
0.5731308235729401
0.4477474355979208
0.8565394060093579
0.3454477325121435
0.2842621873857134
0.36855158285165257
0.22818938970839642
0.6174694070082529
0.26425927267532157
0.20018117672881328
0.2629038103529778
0.22617336020966042
0.4664323335546042
0.21737775224533698
0.3309261046502031
0.19924743104843612
0.631921415294526
0.8287297633561026
0.8102088352788462
0.47811263273114646
0.540303062351972
0.6565955958680377
0.62739780473794
0.7888232000439718
0.7701982158651572
0.8305958516827361
0.7949196433456327
0.7245092552751357
0.25344242663830874
0.28906144953123963
0.15931349918618498
0.2746905423412477
0.3564767763539293
0.8098796945096443
0.7890195326746101
0.7936684882854885
0.8222397270298236
0.7975112032947406
0.28477045920463306
0.7965289601427388
0.819308989979265
0.25122352813436083
0.2392883325288188
0.28358883974252985
0.36709031619066984
0.339378395944056
0.34105525353257066
0.38293357813045154
0.356098233151765
0.5248112178231109
0.36509827424336394
0.24573925494859347
0.4087433638879074
0.5106488382647734
0.5698182648212662
0.44951530654104144
0.30137602584873163
0.5836864104763027
0.30669220292208554
0.30384651987711725
0.6079387410668968
0.33003417542559577
0.7481584989812856
0.22782206708076375
0.7092170169230574
0.34320668683579275
0.8319316387246285
0.806172045484707
0.803014516073178
0.7827383520052377
0.7719361129589509
0.8140498027491567
0.8435012093120758
0.626804825838157
0.6021236969668332
0.7932404306575556
0.7722435451567704
0.5260698017638552
0.80413082404071
0.3070979266360598
0.7160958293495803
0.8143217465984925
0.8507862750712041
0.8344133983085661
0.7378695230443832
0.753179059707172
0.7321609893015192
0.8135654386003011
0.8322836335966339
0.7831657150278122
0.8397862315361564
0.8066792818275034
0.4490106572403581
0.8324661243400295
0.6511733716852559
0.5727922652014694
0.7328128733479258
0.5079936827630879
0.7638167161898053
0.8109969108648776
0.7727095200254085
0.23872797362708048
0.5839987286716419
0.7547947352399879
0.7685106943192945
0.763578209417876
0.7915326655231034
0.7828522932318601
0.7611181603080603
0.7302981832587108
0.6242257465896831
0.6114561883270075
0.2831383437401471
