0.3713939606265648
0.28049388775784595
0.21501215517201308
0.2587207890453465
0.3166395086061501
0.1848543693021681
0.3068672967259026
0.25960899466445125
0.256608664409343
0.2861555830224756
0.2830751319951444
0.4055187853924912
0.3325770199846377
0.30551734570459016
0.2421744699708221
0.21866443134070343
0.2881225363617745
0.2913688500871042
0.26598738835237795
0.33056166095483164
0.28112262612540123
0.24475166312390795
0.4355078349290218
0.19357313560590345
0.2380309114685065
0.3249103540655486
0.19177223568919435
0.43471667746915377
0.5418030180061367
0.522387116898722
0.38315222748238104
0.2427762430186307
0.3800116208503766
0.4503821617610326
0.40660119948532686
0.23470856966095033
0.6213884088923065
0.5918640093961085
0.5474727904514364
0.5165377796854089
0.27753217426498483
0.23930649879573154
0.217506452912825
0.35126272790755364
0.24233773973226488
0.21816272700766326
0.17048003755947286
0.3033194821958909
0.3250851517444553
0.2906194695946835
0.2882315448004653
0.3112413312253567
0.345941749030206
0.3054733954669544
0.3613173045828842
0.20568537259360112
0.22884821411647427
0.4180817130113702
0.39377168056098705
0.3638367086225939
0.37830027339460465
0.36110779829050027
0.3318959352647181
0.42999156195845856
0.39915097634031016
0.49986052280123255
0.37540000985644173
0.2514338833790472
0.2980804332642654
0.3018031071011555
0.4028185644855214
0.4135740831878899
0.39549549966126063
0.32354203437366597
0.3335408724691542
0.4510263170718026
0.4143629344042865
0.17492415165258873
0.34268828444853044
0.2597889869160744
0.2940710140246044
0.27462163797672834
0.3659989379191216
0.1982047334777033
0.26666788707805933
0.19076866564200778
0.392994948477426
0.25211334312989886
0.22438881858768553
0.8508419237013075
0.8342951086539405
0.8166742748042776
0.21616927720353477
0.22909302372510926
0.25507710199950623
0.26356963227386826
0.29742481799776355
0.23975781804772178
0.38089272173235217
0.22225748419768934
0.25824392794701717
0.42646079532930276
0.20771804589153603
0.3889916963559078
0.2796235135943982
0.22488840951859185
0.5921674811029122
0.16381148934599138
0.3142128959964832
0.28051788802504957
0.5196507316411899
0.24037465520839582
0.37317595786007
0.19581315387354886
0.24983861563926718
0.45058535338059547
0.3516398614543555
0.19862597223742195
0.17107761553153103
0.22060878168966952
0.2600739186210098
0.23684293033309645
0.2330585585779122
0.3924769214863214
0.6030955314883151
0.42564278042449566
0.5713861984723944
0.21053881962775942
0.20649891209351545
0.34005499723226024
0.4751668413886912
0.18821603232141482
0.47414411064329687
0.44341790542638704
0.16555772961019638
0.5176815562301609
0.474179995896462
0.4918096907259917
0.22018232716252828
0.2157485238168319
0.20673170924518156
0.26022609670890057
0.31972050831806875
0.34068677148983284
0.5109170108804318
0.3330360884171903
0.20540379016819602
0.2486782608438782
0.2583902021454011
0.2331494195486801
0.4745965268046949
0.30014275502163973
0.33606188999879505
0.6814785824370143
0.4736418735424867
0.1890514162491496
0.2034643862588337
0.31416617673055
0.1659752122507908
0.3254194656313392
0.3214491415968848
0.2940300956350593
0.28131427167746814
0.2568179897762803
0.1664800778885033
0.3019267840718505
0.5818365928227831
0.3729835327993004
0.21963773554349264
0.2512868075407924
0.2543830271844107
0.41067417656661076
0.28516635555401293
0.27178459553090145
0.20895749879660247
0.2363613024287307
0.6638714336554499
0.4501059998430541
0.29450705293942697
0.2633656123136377
0.2375794809263368
0.5857967866162584
0.249405303466773
0.3570645170310169
0.2656523700528573
0.3206606168067537
0.3139025315779575
0.2706783764112416
0.22394843929650368
0.4731769614108815
0.3514272823659754
0.2176380921207799
0.42168182777075425
0.3498045439990049
0.24899222507011057
0.26044929501166814
0.3058485562593708
0.25618760236990984
0.37383203367700085
0.4024325419042417
0.21056356153071648
0.18607911582250033
0.4131028248425518
0.24645657795380574
0.24342958629079753
0.5103076951166601
0.34044734285789874
0.3329648017905022
0.2924835166180737
0.3554457120169362
0.2084027265430001
0.3752053236191708
0.22364160282392556
0.20343744891464297
0.19116837776538026
0.27942385837799505
0.19653571569413994
0.22945379626644877
0.1807012696662119
0.2844973151346346
0.3351785659947876
0.37589521618909005
0.22514524426919302
0.2582252010753273
0.23102217986402435
0.19392654472352125
0.24513688773248343
0.33535217405414375
0.45627185329159553
0.21096190861009392
0.27655016157676865
0.2176101704010843
0.8014007966864328
0.2864020648892146
0.3345223659670854
0.22973018815266855
0.25184309318444537
0.21526179102280515
0.26561540513710685
0.3384077188069563
0.27081422400974053
0.287850705052026
0.3198441710514522
0.3350137195899324
0.5277239304844851
0.49707661724053714
0.14113506351211566
0.2602391412179083
0.5293370431007082
0.5870814674089331
0.2828945074372502
0.34295974208918484
0.334188899581138
0.2554367888165521
0.25055398870241913
0.33198814967130313
0.24445068491311503
0.8057499539197597
0.2657528354763635
0.3555037782898162
0.627378315843242
0.33140939579843026
0.40173372025232107
0.37258491809576777
0.344036557446666
0.25253954072800433
0.28566038640929314
0.23990012902528118
0.3514007646153325
0.2583558680783933
0.19256688889838122
0.32510016284773724
0.2608844908518845
0.28672882663938165
0.2936431393428516
0.34159444039853565
0.5126029097951449
0.3036059514442931
0.24109814541320035
0.234793087314125
0.2355946698973947
0.23938337094629042
0.21767419461749776
0.22780354280831794
0.20886064731261236
0.4671330531715184
0.23960136010050959
0.21591901373047448
0.3841362944026154
0.22154963025426053
0.24809849409127893
0.4857168316983302
0.27750363036223996
0.2018540279442789
0.2818578215107879
0.22321088736220526
0.3710601057808714
0.3085060940490976
0.294038626738765
0.2542499258726118
0.5729245244221756
0.5814761095401767
0.568895172856247
0.3296189725535322
0.30495584973771295
0.20551050547320832
0.2923946793303114
0.29343238852094305
0.29259636486193236
0.3725533618004042
0.3149788015126727
0.28243286482560626
0.2815497537303905
0.28259776813733045
0.2655722770144199
0.276900557377054
0.707790960600153
0.20315846767086343
0.2262819301314426
0.26307414131677764
0.3065787198228099
0.27048084850865084
0.2568544633131761
0.2075059123219836
0.2149489418989491
0.18315119736424734
0.35139391942239434
0.18903121233827977
0.22657333643268518
0.3538464042438296
0.4445166720293194
0.2624106215448993
0.46731510945527394
0.20039231367462687
0.563852698901615
0.3003975690014864
0.316790490335396
0.2507463989420119
0.3456445585937107
0.17721085412046172
0.36230233226852926
0.24845815092426676
0.19886143526296454
0.26243640029884446
0.2237850032815747
0.25179077893299906
0.3616058115906789
0.2940298501947238
0.2031350318538319
0.36687509753755404
0.23368281872056487
0.2120040797740425
0.18583765748739772
0.49573036676677945
0.2634463989160411
