0.3820349250715464
0.2014456700329212
0.22252117804628743
0.6518591872771505
0.5921827990143773
0.800348071748487
0.31585434686567
0.2558026763013087
0.282064531137414
0.3349739006759448
0.2911929097241843
0.3906658861013893
0.3772040628549172
0.30884245742538835
0.2722572816405207
0.6399028201354722
0.7153237316399823
0.6377208129115847
0.44696080837468793
0.417973391604622
0.47780156482012215
0.3347539870442969
0.2732644307247708
0.38977196843364864
0.387677822123993
0.5085975775628994
0.26346358860257485
0.29732238823246165
0.25406648851601343
0.6676973750526473
0.6411702574796164
0.3051006057603837
0.38818258169218783
0.34790335865767374
0.3031436679855887
0.7256582949171835
0.6918436598909962
0.6648549304328788
0.7125343795051521
0.42251657687432626
0.612683117777373
0.700392653622513
0.6737978292927799
0.6464485527974712
0.6596577417786343
0.6324922586578319
0.6009618594359136
0.579566455127515
0.40748339625449126
0.7060611460251248
0.6797373792637266
0.6303354856186411
0.6374470941705075
0.598958763722615
0.5690563147453762
0.35419994746001054
0.4688920193391708
0.4441363974398601
0.3747651359184443
0.6212622146996535
0.5796772642548684
0.49895596572475465
0.4768860475230029
0.38086331387975786
0.422009270237476
0.4852751888366696
0.4546647079740497
0.36124161947758127
0.4798438685935837
0.28383987170344394
0.7080546891422952
0.6791958291076678
0.6527719954455125
0.751619155384786
0.7196345909508788
0.6951507911975627
0.6545159693028959
0.6097457566865583
0.6003872374594853
0.5204500887706517
0.24403174678679446
0.21248177519842934
0.6589880019318186
0.2866732723567398
0.5535385024645476
0.3511361148509176
0.403526467907333
0.5682093517463194
0.24696093467113453
0.47634629309195575
0.35945786398922935
0.33736646620613464
0.3309350567816895
0.4599586705279215
0.2600283281192586
0.5501180410620501
0.560200102072918
0.3761467763147091
0.501633372563812
0.5436176364684063
0.5126725426343905
0.5533395594005055
0.18041801019929646
0.5217739353098866
0.4898621147269281
0.46015953689951783
0.41151296811032995
0.3624370084491122
0.3344972514679772
0.26300505631904736
0.6146958194902548
0.5852028806606788
0.6267083586820122
0.5841966137733091
0.39327564403574394
0.47474702881186914
0.5320978932496456
0.2795970360695181
0.4952154244924399
0.4049337181908353
0.47985581225900087
0.5392484741956923
0.5086483284770451
0.4746767882520669
0.33268888577407263
0.346307468187165
0.593042096398892
0.5625547527082597
0.7533438707517497
0.7221525316442537
0.6902186623660131
0.6191279831195454
0.4790662628945396
0.43689131505562984
0.2587448113595061
0.2589390829720209
0.418081694474096
0.2898382944776072
0.6666686913762886
0.4489481324855178
0.3364937868293434
0.3063109655318881
0.5415668945567751
0.5109215974525574
0.4356475716438248
0.6667813022792289
0.7004835117119818
0.6910558083218326
0.3097596633138554
0.3034635740645515
0.6109212226640997
0.5812150841418129
0.7087719292199655
0.6828484306445033
0.6556950431190669
0.36914777054120956
0.3638621057212579
0.38996387430681934
0.708473996381424
0.730525065208153
0.6279994620481176
0.31337389516637904
