0.2316384035339899
0.1993904542420345
0.1328587112241121
0.3019667937578744
0.3129277744634909
0.48668539229667285
0.32191007756430373
0.4854607292569314
0.4548963843408719
0.34609180967446784
0.4605594625072143
0.4351842252702016
0.6726268859851152
0.612010997740357
0.5835336859019299
0.5544212535847383
0.5667591979955839
0.5014786090015968
0.5600582768016094
0.521597781076318
0.4909264282671724
0.37294783155820316
0.21976094295960444
0.3990659198528596
0.6119476208612005
0.5710391162536618
0.5405801819215916
0.18615524080204063
0.16542541787002454
0.5170983865146052
0.4773712984951727
0.5309198986751481
0.4920437219547645
0.46122009872332126
0.4885178114610166
0.46433972605709634
0.4128906939785207
0.5167444199050533
0.5151402403461558
0.4622203590068204
0.5666098703909185
0.5360919312039952
0.5052525927254738
0.45863474744705435
0.2158478893680182
0.2346570489301038
0.204579097944983
0.4115224469026068
0.8365439397847109
0.29006987193827777
0.3001064778049523
0.33394482881320825
0.3091229680856603
0.48887675552414467
0.31147985838495335
0.4476803465471722
0.41610956558376333
0.6032572367234851
0.4701147540476313
0.5791613032531097
0.442863531575357
0.46476681526197766
0.4644050158527111
0.5955847204130233
0.5591602695356787
0.4164930873267639
0.5659996476742019
0.5354739659895605
0.5046317137327567
0.22033263855388463
0.6260501405963471
0.6125861100472816
0.7353078116765795
0.7116935857331976
0.6228798520845268
0.4721534483218371
0.4639431579172551
0.27414720485322885
0.36442575133184074
0.6426971342808055
0.4318554429412419
0.5754133161742582
0.6855504565242111
0.35076094836031724
0.5363921320188085
0.5056939882474389
0.47503327638290305
0.4566045514240323
0.33763426625074716
0.4951742471592913
0.664036333375072
0.6359712255641741
0.609770282076964
0.5060515566864274
0.6539759071249756
0.6199240568132017
0.5125216436099688
0.44442337051370784
0.27520894443039395
0.2697709405541762
0.2685866926063592
0.2413064955435621
0.37086638398621313
0.529189512369077
0.2708501537880721
0.371498494655785
0.5260240817040547
0.5103498312762347
0.38224772710025845
0.5524059059463675
0.3321172098107737
0.23639773322633445
0.4122872619668679
0.47036828777062845
0.6189074033289741
0.5888296864062189
0.45079990866096487
0.5861638335476992
0.5583790218210073
0.6393147728588505
0.559172891978049
0.5285669875802319
0.7566131798052712
0.5770231427313128
0.5067145804919648
0.6501509927706112
0.5502645343121262
0.519728782356857
0.7014850461116731
0.5023222892625392
0.5845101069078684
0.3610385506844361
0.7518844802998893
0.6199378460294798
0.5096784744147518
0.5503419849178932
0.6462515519275676
0.753369981432684
0.6993584616202145
0.646290568829268
0.6846565624752887
0.5206386622900855
0.6806065975769467
0.6295406587920858
0.5434719877485656
0.3692896150386337
0.5157070479907468
0.5619884447918713
0.3254840924308903
0.3695632034141317
0.3842932137312673
0.27997701641008593
0.5188562210493729
0.4722171945259932
0.2686354278050134
0.52964980877292
0.4592903556444192
0.26435398023522105
0.3403159499231188
0.520073785511083
0.3783726246437744
0.41927295430591366
0.1926890482031342
0.4508252146223615
0.381893252368524
0.5261860056353074
0.3663258309973599
0.4354781744502551
0.4994794896615177
0.33547119304913087
0.4896140732281083
0.29411668961206877
0.5188562210493729
0.4722171945259932
0.2686354278050134
0.5188562210493729
0.4722171945259932
0.2686354278050134
0.46510103622402593
0.37425754292047725
0.34443385352988054
0.5396381496442011
0.36272326599778215
0.31362642993070783
0.46062543824204694
0.500382455479398
0.3234971261313566
0.46062543824204694
0.500382455479398
0.3234971261313566
0.4740159351637784
0.5052178741260968
0.4472106576037374
0.47074948295189933
0.3843027437930801
0.35014989976409355
0.4038875594540353
0.24642964986908475
0.22409541491070556
0.4038875594540353
0.24642964986908475
0.22409541491070556
0.4448648363303646
0.2716721522347755
0.42063159989428517
0.2609212946396081
0.33130609139668454
0.2151642379765136
0.33447635351227445
0.5533833531204458
0.38501758350435245
0.33447635351227445
0.5533833531204458
0.38501758350435245
0.35056283926772297
0.4513750058390421
0.19593533878267008
0.609651837616677
0.40844545302498747
0.35538863462841963
0.3403159499231188
0.520073785511083
0.3783726246437744
0.45011302666824904
0.44105112344604486
0.3086930577551285
0.509265264382347
0.47483062152350686
0.4432434236971664
0.6613862381392974
0.6654945272766702
0.6375037129873415
0.5584576544047889
0.5155755804374952
0.48331393784587506
0.7299614277074826
0.7251370983063212
0.6928084576599822
0.6680239335410463
0.6396259796753617
0.623360155431669
0.6469870226508425
0.6263792909899917
0.6094714660673825
0.6455916117768938
0.6370200878776295
0.5719910936684504
0.6392867950477108
0.6223135909177817
0.5953404583812545
0.3426991277505079
0.41633782613938847
0.5451055665471514
0.429510487152027
0.5192209398926836
0.2511989673140238
0.21362950950289317
0.20185608768404223
0.4975390824011305
0.18223991484946708
0.46340416978534266
0.266659980631329
0.4461824889924368
0.22652741130728798
0.2864500845166678
0.2536548698057872
0.2314156167804584
0.40727248031212143
0.3479915821013193
0.47834769152075984
0.21312335194503274
0.4939448643380369
0.5639259583314653
0.5449025808319392
0.4868367025423242
0.4360043033392478
0.22477922609595738
0.3672104442338769
0.26408674552397166
0.2881464550680399
0.2823643317995661
0.2061577830739533
0.7467483504199908
0.3359060084403828
0.26771284808260626
0.26317170554863395
0.4967533326606852
0.5012259205834649
0.5792430455320237
0.6998946332891012
0.4412099658103997
0.2511843192667095
0.23636676168963805
0.4141845327638987
0.5940683064315324
0.5596713181013288
0.4357423886347107
0.4394000629746556
0.2093662645692168
0.776541247679693
0.6945289014991559
0.6852271420815178
0.2802005940496349
0.55485671048018
0.2332127128691378
0.30293056381853034
0.41469455483326967
0.6416328089618579
0.4487509735617686
0.37093155590399773
0.26081910703493966
0.2630574992694173
0.23988924457884836
0.27614473817562796
0.32765751481012856
0.2944800529258522
0.23877892419948551
0.29603022711499005
0.30740367739057983
0.34307638700921184
0.5097149912879657
0.3407011126450503
0.3830675307390701
0.4050018499762982
0.3968141140132776
0.2719442096287784
0.3117212435906591
0.1840233683228256
0.5546165297834398
0.3527809107812971
