0.4128218358695832
0.38096514448042684
0.30665236366308796
0.251962597168887
0.28543596821165057
0.213655655928239
0.2367186492693749
0.30633500449247403
0.15494145194519834
0.21718486621023533
0.1456455860479654
0.21258461942256765
0.6532579701286727
0.5642854162550975
0.30554869116637784
0.2876386073145147
0.2284791333025978
0.32963265582378476
0.5473680930176037
0.17522673353577398
0.5921796986483165
0.6307808378767321
0.19808683850889217
0.5812080619346628
0.5014413214410166
0.30794135044285736
0.2600601945026966
0.2807535689963377
0.37883117461806765
0.5865643768748721
0.17656012865733703
0.5338557948030606
0.22460748326596136
0.6350260580405693
0.281038945590817
0.5092858338318272
0.5464767971089282
0.5126602067715641
0.476877294068429
0.2540495210027176
0.2276841429066562
0.2710451161977864
0.6476101509721902
0.25813606346195567
0.24970941745921607
0.5469183599749636
0.49521839330147605
0.4629371317891139
0.5784727315931452
0.49039242153861606
0.36753205369181235
0.3482500168370755
0.20220720742403175
0.2624013735118815
0.514949371074293
0.20604823491223825
0.33877162781762216
0.2836218190550402
0.25054605303330946
0.2312089761948691
0.25936906727238207
0.19172265761345067
0.3689983870416151
0.21176479176017443
0.5710212075015845
0.24902997439172364
0.338252351217428
0.25852300112347476
0.5131292924220846
0.23617612007392427
0.49881707113949286
0.6244998630529353
0.3535270860992309
0.2521837634519793
0.25020742301609106
0.5417358730873065
0.247409045632064
0.4950313676785849
0.23481802686057981
0.2367432999603772
0.46700845021402315
0.1897327192414473
0.3624230289839479
0.5593470443043312
0.2633575548846399
0.2314809634369499
0.2572240369211806
0.19764578840487704
0.24376422877459666
0.3058097641845956
0.6340661926995619
0.2513098270855665
0.30049436298894217
0.5200680374300197
0.24584408318560652
0.45800859734705607
0.7300142305821031
0.2833604008037057
0.2831550819283251
0.27882172528304394
0.2885864390386805
0.201959501833844
0.21655156602484285
0.36021748687225064
0.23973351428945586
0.39194489024715545
0.30012423393466864
0.1963498528313455
0.2366909712264584
0.3315050334666409
0.2402671703291403
0.17168189365235428
0.24400627514399176
0.2057958766374272
0.22228678472870148
0.22202975508734185
0.21824321964953983
0.19980372139879138
0.2822434434136842
0.2924725653054993
0.28027728665550683
0.292405317496683
0.18904482979829978
0.20037313394782713
0.3070875392630544
0.29599422312872975
0.3800346061065945
0.4127072366443017
0.46177310819243633
0.3578230702088102
0.22147219055657433
0.31444473058495065
0.19637969403958472
0.275043092881325
0.18040527394376404
0.18985318168011026
0.3482229850694204
0.4188011383918043
0.2402984475424659
0.24923923345754614
0.20397085120724176
0.2213322581178024
0.45692285049195797
0.24028442720253848
0.26092289151095155
0.2931391507430269
0.3551484317407577
0.17923702841240946
0.32203543426477965
0.3053981069954828
0.23932525003087132
0.3894510237908516
0.4379151993266287
0.20436642112521677
0.5023929793684923
0.44057633658021333
0.3742994649059325
0.3711111580303673
0.2456134597538076
0.2786977920593348
0.24387432474880144
0.36747126743819186
0.3318652262722008
0.269574832270376
0.3654857921129774
0.28246814877021453
0.2000435025215192
0.37615214608577585
0.31354646236917105
0.39222415386629844
0.44546821293579425
0.41597454331793365
0.385304407012163
0.25595125085822973
0.2226643736522915
0.26732862167493
0.21926685035202215
0.17232483064310694
0.29683066234301164
0.2760830904136448
0.21639174001616604
0.25042492174215353
0.2948145281214773
0.1873505925906283
0.23568953795742126
0.2233455169676159
0.25449646033607803
0.26340973142551294
0.3055946540625305
0.3160676014909006
0.17014811593304882
0.24701354787139326
0.24651112010843676
0.1831596223536388
0.3097550906863087
0.1894421468621086
0.2990496516963022
0.39763902120465766
0.7752289028002102
0.2182711031585477
0.23763769086847206
0.2917610456067096
0.27272631001960185
0.2686151032004276
0.19520616328111054
0.19866624340209027
0.3657600510269887
0.28028422967641087
0.2605805082788524
0.2318005919383978
0.17734793860541953
0.2943813762200897
0.251279475535704
0.22266388505966433
0.17554865321700625
0.34063537968445645
0.2699629823855813
0.21093522717186122
0.27290141261591483
0.25248036157769604
0.3541059152289569
0.2962677300350179
0.2229033248107546
0.24167320714353302
0.27642961581240194
0.43132785700519677
0.4014533054535318
0.33190731559433173
0.4264225289347075
0.3828770284600585
0.1577849424389112
0.29786484347986386
0.280990332969566
0.26562958051799523
0.31081922082864527
0.2515828083764894
0.26321795988791263
0.41260279132904853
0.23595983207042384
0.2749834589651264
0.6634979460992827
0.5096935316924845
0.5734321252732748
0.4408621994508721
0.38505521954394234
0.29465145882672017
0.28070595738923115
0.20004928434118113
0.25815357949044504
0.198258988338351
0.20334173144582776
0.28190083550049433
0.306348103297641
0.2761185153576733
0.3959809640690596
0.24374865770485699
0.23899752356752924
0.2934276986974741
0.36882349282231036
0.2432332122130055
0.273432079404915
0.2874944440514997
0.15512323226836924
0.2979634595109778
0.27658943646208706
0.2649192475069404
0.32697248700801834
0.29411377872207134
0.27740432034148454
0.3143653935003791
0.3721378786003507
0.23358620312271292
0.2818235314758067
0.36264421749240366
0.3290424200559608
0.2939356105486828
0.27827890880118017
0.25148668839772115
0.3070158141924598
0.3047024250960982
0.1827983781423804
0.3216532529304246
0.25944923599068076
0.16644036916273644
0.318321356604925
0.24348831174953572
0.2494448734580568
0.29196258314911677
0.2724318539863309
0.3840854884611097
0.2729773780012337
0.19546878400055379
0.27561810697799866
0.36540167771330617
0.32501178495223254
0.40177510563461866
0.7825932794250432
0.28604179025720433
0.18316949937783816
0.15953785939996512
0.2977155149288408
0.2675366467835065
0.234298788022456
0.2070087894481927
0.2708545287418104
0.332482719286055
0.44927566582816186
0.2550267340381336
0.2510804876735264
0.3624476113339789
0.3345918385526963
0.3078497420395346
0.442998191774001
0.18289011168064637
0.2905806845837864
0.5534445619231696
0.22916156232198226
0.3529311326630627
0.31656853166517945
0.3676938803089835
0.27200261838870804
0.35777105969231715
0.2350797199086455
0.25839500164794243
0.32344511464562536
0.31818054838690957
0.224808438473608
0.2828864297323429
0.3807227580378805
0.4779558330626131
0.32663542366191345
0.3423775360002619
0.2781695816148259
0.37006785037933376
0.21627187150712712
0.5310128973998489
0.22965933384741236
0.5575470453116476
0.5257441312186418
0.47564718366599207
0.6863559044358396
0.703477628131025
0.6769112555191408
0.49801043460588434
0.1719268556032264
0.3153265681577606
0.377708015378339
0.2790402134295886
0.5277521324164373
0.3032188597777024
0.3089028512524441
0.2388890689112805
0.813640104714551
0.3598490563091688
0.3425327883599437
0.2206940487532129
0.23220902500186463
0.23058250541597877
0.5861303492906828
0.5410500391833774
0.5104584701304066
0.37606177072334135
0.26799789650914146
0.2662671367903149
0.3203661333647732
0.24095621570137138
0.2544644206109714
0.3191206622088492
0.31293194189682183
0.2677729098991021
0.2775830508410778
0.2534847581554809
0.24819435540900464
0.5953519212439657
0.5654724586659401
0.6499052993826364
0.6214894339738277
0.6526992822176879
0.6243822964229817
0.3972854397089225
0.5362665983222831
0.4937446401534847
