0.293567058293986
0.27485431155426787
0.3496415114190735
0.30795532453950925
0.27239676255049683
0.19352567889343494
0.18823509923836468
0.16985429605857233
0.425741487037456
0.617365120159072
0.16955490727103195
0.32991033113476725
0.17451369750409912
0.21634856330221966
0.33668368971768803
0.3601058262450413
0.2719080421978373
0.32847413204931764
0.5595984982888543
0.3338573281241278
0.41430075858851656
0.38608135421025136
0.5238806670735758
0.29602787016056326
0.5556732156960682
0.2106442238258124
0.3413071418410825
0.21179982895415086
0.19285068582367204
0.2522557872060245
0.4592391294739803
0.2428797873120969
0.27710254958651576
0.23194421279910393
0.34336758617905494
0.2695979361014535
0.18677224609903223
0.3073187600152526
0.18091476932924544
0.4047662614651
0.3268921898641942
0.28954163009197353
0.183319817039315
0.27200394041984893
0.36440166416170416
0.34553630216639364
0.3508360965339543
0.3870906702996047
0.15926125043215775
0.22685435501081858
0.1925398922415603
0.6322805990940031
0.3392984082009355
0.29726553919304743
0.16018815083239857
0.2209181132395917
0.2561752117360251
0.19277002083138767
0.3426144079209336
0.6536495034744819
0.5763816479287289
0.2978044730722249
0.29374187164339666
0.517649443211958
0.37291677446837745
0.29731366887907534
0.38766749513522986
0.3419621736879961
0.17454234703005647
0.30713069012912875
0.3348142724728818
0.288552094020166
0.4062289733090551
0.28736967417460124
0.5415518665654055
0.5051669714343172
0.3015800508991567
0.32597228531217187
0.25573357223971765
0.2411467368208732
0.23171472740178928
0.3068261884890906
0.4337817116784111
0.32670189561273444
0.32491012769657485
0.3816304579120727
0.525620828046528
0.23682008567362683
0.390080664462375
0.19973950992555545
0.1696327450837449
0.3938228509142204
0.3465935210203762
0.20590086570895585
0.3771781235770053
0.44938128021217577
0.32499461776133515
0.22013919992905348
0.3198252180316559
0.23238250746091524
0.2923066980610393
0.43139880578428763
0.29871706208843996
0.31671745408159424
0.37835044644329885
0.2710206496951508
0.29727728838667283
0.31796938632363486
0.21159325119438474
0.6108534352615091
0.33785458925294387
0.18669706290859858
0.21241953619423265
0.5807997655327497
0.19784173346237444
0.2990105244093203
0.25002252767013305
0.2087622715646106
0.18245176530065407
0.3100295485668403
0.2837667482949106
0.17297921194100405
0.377603309275154
0.4158110331060794
0.27986941412255334
0.33339179837160543
0.35186578660359974
0.36202998320653973
0.519548391010535
0.3451700905790991
0.19899821231543385
0.2999625076984249
0.19278395911848678
0.2973938098725257
0.39348995068010273
0.515275734713387
0.2112877134153137
0.21935695082387627
0.32206123662926467
0.5028755639045505
0.2669652365445359
0.2897426256219623
0.4987761469380268
0.2222539905386402
0.41106759340858534
0.730609070210444
0.4356536101869836
0.8025032798561166
0.2797834189104632
0.64434132776641
0.32362478227698943
0.3656196836816665
0.31725455318411844
0.45787394495943107
0.3128224548242123
0.2781456181247071
0.2013871407473499
0.18458563111908804
0.3131166757825399
0.25601143317664765
0.18744346562464298
0.4706653247846015
0.16495471490936822
0.17888900070672964
0.45927459016319233
0.3746097012296596
0.2173478504655148
0.27564814839761087
0.4608221447487695
0.33204686207515827
0.30773569545596047
0.5622342108200522
0.45901088820706987
0.6890764411639816
0.23101142263077884
0.3351817994812183
0.3378749222591058
0.3438907629369436
0.16017461361632518
0.1485895902063973
