0.4839055634616174
0.3395243163727342
0.30515027887640345
0.16803633171572754
0.32038537515437426
0.3031223100719875
0.3058210980410124
0.2370306153782341
0.7068640710342989
0.693390393970754
0.3292940950696221
0.3024300390648392
0.2533920067956485
0.19495571639895298
0.32910581932270966
0.17354130514162325
0.42656085023851825
0.371602432688009
0.3428658508362676
0.507468309176345
0.6945771911347729
0.6679353308023526
0.41515226957508017
0.27103208837913395
0.22759173053251402
0.3617371031696967
0.7354009420515139
0.7108092225259613
0.684872811514205
0.6183229467941997
0.5889323106858451
0.5587564724342817
0.5691755637139115
0.53885180996443
0.5082528630422486
0.34106378362611856
0.5094220526542178
0.4763202215728003
0.3190461611533954
0.5715429687551296
0.5396841501067214
0.6783330998587983
0.6397987355082576
0.608180714617089
0.2892803400596029
0.7020308626958105
0.67570539159368
0.4808269779428987
0.42117697727848097
0.4671388237947496
0.29541727987667016
0.4104800376872771
0.2063857200301082
0.3318410643306101
0.25888995107917945
0.34804252059689744
0.36647095684845454
0.2916737998076075
0.22384747268466434
0.20883801733353588
0.27402774606830893
0.3268521735907108
0.5322628284304933
0.5850163847734177
0.5442146968580158
0.5134058382843515
0.26559326412794476
0.3411721431177926
0.2383435484610262
0.42532771051373425
0.531430075040397
0.4903821669818368
0.2968351102087568
0.4917259073591434
0.36173710350089516
0.4021886568461934
0.28885092288228015
0.36384874385371696
0.5106041885824258
0.3850978360131275
0.5117974580444037
0.48108800371752375
0.21768344451214855
0.29150684442925395
0.6619693414626575
0.30855148859179776
0.38560939729009236
0.426870374970276
0.45030266060216845
0.5920074069813096
0.23204721588028382
0.3032973279707981
0.2286902721269064
0.3144754393828963
0.40321230162224736
0.35325500013209366
0.5295560345311905
0.4988767657791512
0.2615241476192379
0.26226288884315424
0.26299091715094314
0.34702486026985296
0.3236718629227273
0.19647968446808176
0.2915576725653236
0.2320086700770319
0.15798914421170088
0.3282441404737052
0.326823571392929
0.2477604590740105
0.35247401167535514
0.18202327867310633
0.1827725970105377
0.2770275043149626
0.27915199671068314
0.2200619701942102
0.31818804986617905
0.3509845238366868
0.38597582352562076
0.31475009078861177
0.17857869730654902
0.506388515277476
0.2939059230670104
0.38835402288883425
0.19380666679392683
0.25140520984215475
0.4783113521838782
0.36932706124027237
0.2843927389297029
0.21672451586271135
0.2465438767316476
0.6441703054751624
0.4560951020758339
0.24368359092845646
0.3760461791624227
0.453635134521477
0.42799061642532504
0.5147460012523732
0.45934245922231154
0.5371008456028081
0.574817698355552
0.6100215344654186
0.559878680094963
0.42887215670071904
0.3691624466044615
0.5139408977347558
0.6980646895863779
0.6314961392631295
0.2351078862651213
0.4655559548085685
0.42600019752334695
0.2706242796283566
0.5118179583711817
0.4450753461752017
0.44357314005694076
0.3723259328321532
0.2094661688538764
0.15613188768608774
0.1539212304001201
0.19463275276056988
0.22264022074732293
0.5247560299559353
0.190119776122451
0.4309171432859351
0.5630282956883788
0.4443578474748618
0.42994970523794296
0.4459438083321569
0.39856162511100945
0.3943895048196839
0.4371259022029711
0.46812752893706666
0.527973018600913
0.5090250649714398
0.19522412308493492
0.5914361487880415
0.5263585024092693
0.4617978305157622
0.5273319215628587
0.19044608702007
0.36099837686128866
0.2422357538010692
0.6167422041340941
0.5418873660816219
0.4779169094642476
0.5773065326335562
0.3633797914404878
0.5140327290117763
0.30579725291660137
0.7246445418603411
0.29775307733982465
0.2882439528868966
0.23179135836792658
0.48709718065942476
0.47324399455505367
0.281156783307918
0.5070950381742794
0.21205616465246033
0.1987893925671609
0.2381082383512896
0.3546870573134419
0.4326093820876582
0.44154839121818995
0.41997204695976637
0.29484122953777303
0.565364527102209
0.4513659242369674
0.4285418944159614
0.4124160988158808
0.3772664923685425
0.5271476624018488
0.5235661696303535
0.4667114565108654
0.36862025113832975
0.31817412536064
0.30362653388413857
0.5445948107242724
0.5267901323458196
0.3000646974770352
0.17921644718550947
0.18083671319159142
0.23451952272217844
0.3429150965522601
0.2628709412284248
0.2649036720088228
0.41966449712987713
0.45268929150302056
0.4138852030989004
0.44216320021077293
0.4295466833848628
0.4629170210489501
0.5294330555687666
0.5046117803415502
0.38723779082292664
0.3782054982385124
0.4017623023799712
0.3721905810349936
0.5254257285980457
0.473534708183504
0.4688757170050221
0.46658383425612354
0.2034077935156985
0.14312054298395988
0.4318181174826933
0.350529102931469
0.2833069531991348
0.4223040821241421
0.34391661981079585
0.34200169879319015
0.38248840209108537
0.4148282366113631
0.37689239564343147
0.4646013884164968
0.43183217480367764
0.39570735167574783
0.5477010913370014
0.507814860050172
0.39635016616059393
0.44705152608840654
0.2697392966921838
0.4051193718452432
0.7853185569248459
0.25488149694731704
0.2765956553457006
0.32937767864668616
0.2517170818103605
0.22023811602345142
0.20294551421990548
0.4376409777282833
0.20494468539292368
0.4891719485925444
0.6019948055854172
0.5450640828569852
0.5142702286623615
0.5615682436480436
0.5388819475127947
0.4876189784546876
0.532448949553226
0.5133868300218016
0.4941705529704118
0.575012561021792
0.5324361730056156
0.4413745974835717
0.39588227152059674
0.3761788902042114
0.41365503845286405
0.3945048175936611
0.36279812941733386
0.37509844790260544
0.3871882888698682
0.34104355098081013
0.4395585682170722
0.5252143449796901
0.49607385293913303
0.43878626466414616
0.22517843419772543
0.3311254353910422
0.5873954395329177
0.4852142766234041
0.463253919283246
0.5132000922613081
0.41487137145134195
0.39359051675773155
0.6181859807023936
0.24295317437379751
0.48414005277513944
0.6195281642694935
0.4979112317369297
0.4759068896593801
0.5034657858589906
0.4900629731469667
0.1789348993853714
0.4617002522592257
0.3728387741220277
0.35250333855678906
0.29148143214528444
0.496697622229276
0.3731905096693829
0.2733182805970636
0.44851270991630376
0.44465649029402626
0.4001311700136819
0.2984782414382279
0.3339162905398139
0.4773505493863587
0.4313008282080032
0.40985557247855353
0.3844760277587894
0.21937218346672713
0.3485484920451502
0.46855338012629666
0.4369149644449586
0.38243734068539165
0.4869046352904039
0.4670409280989648
0.6274318429921296
0.5667155198628133
0.5395456723272178
0.47522746914483777
0.43859747171078006
0.7525457464466212
0.8570248082026181
0.701675798170075
0.36026613746746555
0.41409077028227587
0.15434665395463965
0.3969355417523005
0.37576995185477596
0.346767147627992
0.30828578076133056
0.3470235386212619
0.5212692546474476
0.5019626335337305
0.48639945192082173
0.33133897788760147
0.3890601737924824
0.39753306412072964
0.5862562952346326
0.28443025007974587
0.1715765284169131
0.5884583240043899
0.45196644159373806
0.23930105308434707
0.25812488484429197
0.29064819094898725
0.6181128083025338
0.25343234458855884
0.3021324466878788
0.4140359416111854
0.23550841399712874
0.3893834846269624
0.2943976775178489
0.2691463783130375
0.31929713272795396
0.3530626360604223
0.1833599789403221
0.34668834900475876
0.34372501969071556
0.3247172694891491
0.1770066559980063
0.3326633203469926
0.3238827125023848
0.16541455171406336
0.29594281356888114
0.27794127888460485
0.34483565486082945
0.31694501751047993
0.3074914267076982
0.26394105827289016
0.23789900238769154
0.3019639279587216
0.30650970083494494
0.35724597318137497
0.2512762247341193
0.5180492199535022
0.3990966066055364
0.1729124448383209
0.3160896757476081
0.35301856412217325
0.1883410256758053
0.3449001353100289
0.3190386791184487
0.37295237032892675
0.33779546788451176
0.35845726739852335
0.4462993369017147
0.31562415314282155
0.27364183411375115
0.1818427813599624
0.23029823856801265
0.2863237032689244
0.25500626806327537
0.5911956113783774
0.20948924012872913
0.19496548044022466
0.28604536494931304
0.2645726400444836
0.2925199158605733
0.37746663897750693
0.3236453118906716
0.44000804816584593
0.4156106479876138
0.27422708518579314
0.2782345094192349
0.27032944730562397
0.29589236002470515
0.29742921370469444
0.20389271505971907
0.21687619973826122
0.18455171024763714
0.2819508268502237
0.26171459324518137
0.33787919103867725
0.26436992863524694
0.2691925260035989
0.49523218154236576
0.1717434056862557
0.39433406543940297
0.32550530455531074
0.2787965713088955
0.30784326542167534
0.22626796399861945
0.24352455823233557
0.23992129859589548
0.20762861216712222
0.20220817819882836
0.36055184694020653
0.34021562387485543
0.293090881054528
0.24399635268202616
0.2911592235962992
0.25500493639773947
0.3475467949279263
0.3186346804475884
0.30849441603647915
0.5235752774218235
0.18615765923529207
