0.597174336186219
0.5455252287996463
0.49616043976870033
0.6268779730051798
0.5975923470977842
0.5677435424158805
0.23682224871555754
0.7973224513876733
0.7760816403424837
0.4810014891938783
0.2783811554725175
0.4032292806338671
0.8266893633459585
0.7194347931240387
0.6734417403161954
0.24007514382820383
0.21634290704016343
0.2525834951642422
0.5456845376703979
0.3795066559547184
0.2763069297326818
0.5145142501183515
0.48266820324968235
0.4859555937658401
0.5994827384444239
0.28939810866033483
0.23509950343583952
0.5100089229059082
0.4975594787785715
0.2664810176590469
0.4075709589721079
0.507704553965631
0.47650376254881066
0.292996172125673
0.6183900026207563
0.4557357158909421
0.8850374138232492
0.8677862976658136
0.8570833260668363
0.4991313492838881
0.24553474689563287
0.47629822180082265
0.5947647999796312
0.42462795176559265
0.3426254573528664
0.37736661526172083
0.5085807701506931
0.48020901376638697
0.3119431371636612
0.44287953465382296
0.38809362060270614
0.4449194038575966
0.495548034910341
0.47776020556911136
0.6227611680755937
0.590685324704535
0.5635876008991214
0.5346904041240614
0.5821266379653983
0.551873716301497
0.5211589731756259
0.4686929337287127
0.6442455349994333
0.6392439233046104
0.4953124556224482
0.463109251003829
0.4300016284709576
0.31389732710944834
0.2880107624366085
0.8454695365069561
0.658858345056784
0.6845161874801158
0.23407554050526858
0.46140422097905454
0.43094593901687767
0.8918413250875344
0.8793439400523557
0.8656201051628021
0.8374440502429343
0.8041028050954887
0.7835636993245908
0.4835797169694003
0.45117437697983903
0.41216357200865233
0.6541007453687344
0.1677714948378167
0.2595502540983992
0.5210282452576578
0.5918630723487848
0.561766823000472
0.5481538400772088
0.8568724931691645
0.8408763588761297
0.3532020186803173
0.5192046400599115
0.48715690303556913
0.24059528376716718
0.8135815135235492
0.7925539727147352
0.7704786106398109
0.45322961741455503
0.16093136936625027
0.36663324331634206
0.8958489147870305
0.8876766417210592
0.8744813321560334
0.8630979106302921
0.8478621038562504
0.8313422461005491
0.7653662657078317
0.7410157718613044
0.683985781774955
0.654557529544422
0.6263086257321594
0.6179351708482628
0.33304744254218316
0.7189265386650644
0.6918771685700741
0.6636751409816153
0.8490838909994469
0.8325962422656453
0.5604270501413331
0.5706663744063988
0.5390213039707829
0.5323746542261635
0.5246637418616064
0.49399935768741826
0.4629024938774151
0.24336319709798945
0.5849276917323212
0.3392648160438499
0.3049229364777447
0.8429042645902575
0.8284684064650256
0.842115559252403
0.8250432673934378
0.8064069530385001
0.884393486050008
0.871151108248102
0.8564330267417885
0.8690077977267876
0.8543789433804584
0.8384389802272443
0.49424536368537164
0.2181819399579123
0.7731828171755092
0.8003915041776087
0.7800637405967219
0.7582812772041788
0.8899927425392082
0.877230183943367
0.8552060208584372
0.5669604913244087
0.5406601857005944
0.4895597666944029
0.8772005078596544
0.8633430801260124
0.8482104231172042
0.4123936458642802
0.20108928523885322
0.8880951148288925
0.8826739055985249
0.8516194271797146
0.8122289918023471
0.7879062773717046
0.7666529109625138
0.8528764494337012
0.8368037566512537
0.8193392603036105
0.5155437926848754
0.8434208150591834
0.8262502502678274
0.7925011237256835
0.7715994352656658
0.7492254391534574
0.8960337410583578
0.8830401853596873
0.8705847978730227
0.8815091913224363
0.8463996547953907
0.8296278673401286
0.27664392514953345
0.20277091661077495
0.25486004534094014
0.8815878156836136
0.8607719857357709
0.8443765134372542
0.8941350532510258
0.8737332772617148
0.8577690993900078
0.8659391297180908
0.8501581123264339
0.8338274075598043
0.8674538139323176
0.8526812902706261
0.8365915379460325
0.9062169728155924
0.8868618157977194
0.8730680890323306
0.25933849201496684
0.8116289713303538
0.7871897405815166
0.765885728113299
0.5840768390280239
0.3804644541901967
0.5133104266744665
0.4716832873862302
0.36889620959795777
0.5178276221304196
0.8769262651274083
0.8630429454273523
0.8478831545930964
0.8858706957100282
0.8704194556564484
0.8559227042418983
0.8751315639688988
0.8608923602912574
0.8462968363012925
0.8819551944503154
0.4403538514107788
0.8514452462139789
0.8775859356894704
0.8497036361596426
0.8263382804812529
0.8996786720509566
0.8184453203669334
0.8708022206982166
0.8133775928783853
0.8568884712937489
0.8410640896463909
0.8709168065984216
0.8564338231392705
0.8406000133607893
0.8827456649602778
0.8679909278782629
0.8532677961870334
0.8766295196116689
0.8623890233218275
0.846129618428191
0.888661762051683
0.8757612106323981
0.8606877550004537
0.84973658925616
0.8333505799221048
0.8155655382714448
0.3947244053307098
0.8256566867377544
0.8072608846405669
0.8246018852228008
0.8061210221000875
0.78622117198727
0.834448412226812
0.816773943776193
0.797692504315895
0.8573554802884191
0.8389529197392069
0.8216774383344295
0.8595200687479032
0.8289133445307798
0.8107091148876869
0.8561235584020016
0.8403208092780242
0.8231611645550532
0.863903089446418
0.8296475046634213
0.811597759264286
0.8121184729912996
0.7925857716346789
0.771680068533919
0.8448137316515221
0.8280008983029364
0.8096955540155087
0.9151081495547545
0.9036969941215709
0.8897712248258434
0.8538615710357947
0.8378152087833116
0.8202443441765395
0.8531761222947415
0.8353687873859079
0.8042132160319763
0.7413033544581427
0.4045124678333243
0.3675732487366938
0.8663466656179365
0.8514197470840463
0.8351429651470379
0.8710898306814
0.850244049908605
0.8338369925057733
0.8347175536821706
0.7883534696270484
0.7671315376871963
0.829940924856313
0.8118943570220031
0.7924345830528481
0.8510245282994211
0.8220317762710536
0.803251776027183
0.844569836974042
0.826240620743521
0.8077972779667123
0.8509257290622292
0.8346623923806977
0.8170271471797551
0.812553527271158
0.7889139215859782
0.7674684020189986
0.8199367034653706
0.8010068893280559
0.7807151122728447
0.24976142306177748
0.8610318279183146
0.8456711223665382
0.8396368893852597
0.8223606685086479
0.8036584722631245
0.3193298104153673
0.2931924457821331
0.9057165014390142
0.4624664904334788
0.4298794840132125
0.8893420903507582
0.8585279001669697
0.8416362309521728
0.8511115782408601
0.8348023015678887
0.8171701282986257
0.3394121914801331
0.45366599232903365
0.36785288788784337
0.8888886437761211
0.8695141764162314
0.8521210806226592
0.7967237671524693
0.7761270667578654
0.7540301239010221
0.8907371771803452
0.8781343489776022
0.864375680595792
0.888391690597352
0.8776212393088744
0.8555714051143828
0.8561780783528119
0.8164937772433567
0.7973684798798489
0.8562437469221275
0.8397946326003413
0.8132038872906122
0.9149752148304922
0.9025724890019716
0.89045793016025
0.8889627166622123
0.8668237880574614
0.8519931215956494
0.32299982683839307
0.4371257236676535
0.7713453040227571
0.5516782599573705
0.519771772677243
0.4888567319380353
0.6087687405973693
0.5787305562031464
0.5482867033789448
0.6463818036192299
0.5980428893209051
0.5672196859163032
0.670272843970937
0.6414763912624224
0.5916983639597478
0.5615578726926879
0.5308188794977158
0.8216521497118132
0.8038322737927053
0.7817064508069301
0.7444345057217596
0.7205250703086934
0.6849054563275233
0.783217582796632
0.776290505620617
0.754244263331662
0.26409643879354705
0.410985578164573
0.38162376887596633
0.7894318804394419
0.7682975339097543
0.7480500448382218
0.7366432230442314
0.7178988176361545
0.69238315516965
0.495027728058617
0.3521002501249719
0.2673098586795024
0.7701795833478576
0.7467996753859057
0.37993568337889755
0.7449322890640248
0.7202185402504147
0.674083780573471
0.8299920390888113
0.8097438936170149
0.7825241133545092
0.7638932025474006
0.7426470204372569
0.7184660908455038
0.7282879678901765
0.7028429997617646
0.6631737669161628
0.7895220395579058
0.7676960468975419
0.7430957000964785
0.6765246233909759
0.6486463001216591
0.6201848668521407
0.8329340187099382
0.29464825606256445
0.7940477269310353
0.7376478142583299
0.7124973113817799
0.6866676791617152
0.7973460754921555
0.7752049585270377
0.7528210299103459
0.7089033824876695
0.44309139338430226
0.7128539911253997
0.7145588669942673
0.6888627815795179
0.5836812204321745
