0.2087119497959867
0.6185213803748498
0.20227910356695628
0.23006673327613728
0.24472602535830074
0.19157736610671633
0.19755139507844197
0.2426599781764626
0.19329062292472574
0.331175829813181
0.35875844165358306
0.2362445130055334
0.292833282175947
0.29193310648154347
0.24120692703111135
0.46319722365817534
0.2680832908461108
0.39389155527469527
0.4219435027844361
0.2537960706098312
0.18844872856397715
0.2932015867771591
0.23515746729496917
0.42983794592139557
0.22087733491374692
0.6538822554888698
0.2743297425862015
0.47911778644782554
0.22292412599839745
0.31077906357171226
0.2416460109259866
0.23540287024011325
0.22782278046378876
0.31117216882996207
0.4048827486966947
0.3338824533429583
0.4134029414124298
0.21228011970741914
0.2468993407623025
0.23258096309929768
0.26209426038620204
0.33809992618706824
0.2195946125700765
0.2719976654375005
0.27045508955010084
0.28346280947257424
0.40529236213445274
0.3773931084934435
0.1994045652090907
0.241184927912103
0.2610212415483093
0.22969501211932367
0.20589961297647494
0.2518957843428935
0.24514359275430822
0.20280142384938743
0.24226480315935078
0.20089635508240136
0.18893530813307569
0.31724901965660635
0.22007150025357883
0.2375222250179647
0.2454402150393152
0.17454904162386656
0.3378246239631041
0.3347029897756889
0.16401575021368073
0.31271013345626086
0.1931985633032355
0.2173874863271706
0.19603012856711635
0.2942175182668244
0.15521714307776055
0.2342481245263654
0.1962561839281733
0.2265008912846386
0.1963970483343977
0.2817336468238837
0.24391000020749495
0.2791968612741839
0.3565755103527696
0.5897226217925805
0.21124744649844404
0.23968783590489745
0.16991367685576428
0.5963077743610672
0.21344379715574738
0.5311455821191027
0.6198958519622163
0.5876682032607503
0.5575863060813699
0.6126943288120259
0.5830979361691446
0.54445650842705
0.43623178814321883
0.4044932025054251
0.3924426435011119
0.6334450409560324
0.6043870319741407
0.574388037168993
0.26856247688672635
0.4429869138337187
0.21673123121474996
0.2573286701302117
0.453947707485788
0.423721864802911
0.32208181023919585
0.2341051643436999
0.2402930822984679
0.21261953111217277
0.21263243244314486
0.21643001967176828
0.33827460264588466
0.38522594882362415
0.30655477915458823
0.27259386993658924
0.23411742833910307
0.20249283015050043
0.44427678685422095
0.3131704207586866
0.3532811213987327
0.21957834559944223
0.19296737961539487
0.170549778286264
0.27051363119084665
0.20993153381042237
0.2237306278188148
0.3381491548793834
0.4455099031863085
0.2235070880916386
0.19742983076365453
0.2437818986413837
0.1655276253307416
0.23598525102064016
0.235038592203391
0.2768117278116478
0.234679845445104
0.28080010626391355
0.23534875789867976
0.22569872553025
0.20480086971798345
0.2429396086840892
0.44687853271253375
0.20171226864635342
0.24219844319691275
0.32872530846962283
0.21093623436060496
0.27389063699247246
0.18242974086839134
0.15532542553726125
0.5913661773754909
0.561323643441998
0.5190925258191685
0.2649196223160372
0.3769488973403132
0.18326564369760767
0.3130561696910354
0.2659375610531036
0.2018803094463464
0.3623011384323271
0.2607467244704933
0.2336266231904253
0.2646910171451805
0.20002209855934705
0.6154282090678329
0.583166413271914
0.5530631085415181
0.20273052316179443
0.2733653287148791
0.3213997928305571
0.6238878541033972
0.5833127172280778
0.5532171887822667
0.5498941976174847
0.1970616545213716
0.2663629387180539
0.2120220491204124
0.1922453389560598
0.5092885067833168
0.25509820411862144
0.205448234005624
0.19103479197492929
0.6366381122171154
0.5994967010205492
0.5696220852009627
0.2601006671072005
0.21437014086349127
0.20606116730196858
0.6150766124932865
0.5855902752377558
0.5555298808242461
0.2403661562935513
0.33676446810173205
0.29342467931481236
0.28626052113693273
0.3505843889219166
0.317243116366935
0.6347487993890655
0.6056293466018772
0.5759524555082337
0.23777145663146967
0.21486758080497098
0.25928145743062
0.6560320457137142
0.6277588591991344
0.5984212911892782
0.22558548696451317
0.2645533979402613
0.31610005592614404
0.2928230763206387
0.2152181953522363
0.5503774433500245
0.5197811011358727
0.4888569808404624
0.2309739262906432
0.2097040674241161
0.21685087024505817
0.22780369429341668
0.2665117981441006
0.22699113849106153
0.21561182221609504
0.24343071964109977
0.22004364273628518
0.24705809244156765
0.18079472355628218
0.16567256595083463
0.20487159711679534
0.21266188893208768
0.1612735163011049
0.21919031715575496
0.35503174436449714
0.1730834135299962
0.5414532297425658
0.5135927734383333
0.47997317280441015
0.3340016545721387
0.2405959263447559
0.2514036836643059
0.591033721127833
0.5581398273637687
0.5303322776801556
0.260328380860386
0.2335863533548199
0.18946366283131627
0.33130562051967966
0.19956025551871326
0.3684096130059606
0.569937846701086
0.5390663721057117
0.5082014834307292
0.46243133639573014
0.43206860962704385
0.3829195273151717
0.4959311109813472
0.4653159996847731
0.43493428802223283
0.49349124414174506
0.4628819080926256
0.43254594710446054
0.5098114982048101
0.47913353724604324
0.44862616353668766
0.5602909309668245
0.5295368428899753
0.49862219906484556
0.23045283539457254
0.3020835835057981
0.20330949076539115
0.20331178723430082
0.18413245912567525
0.16639072229135954
0.562403443110442
0.5318345713800516
0.5005748209320997
0.25542029081407525
0.27620567369693627
0.24759426448040445
0.6763893228261096
0.6489540325595575
0.6204200088448342
0.6530644993380271
0.6341596318052112
0.5941648123055308
0.5084960300227536
0.4778345451865869
0.44729726622672733
0.5414135695219208
0.24540690385460126
0.21215742713877542
0.6559967895542932
0.6279653305213679
0.5987085952816372
0.32153527273530425
0.21407482823405774
0.2246046710258504
0.3086161577592877
0.419572581492629
0.5666848251302684
0.6401370758078417
0.611135375862788
0.5816338048124187
0.5865542975270296
0.5566870902307215
0.5259078867346082
0.29339114654164944
0.32607997552958157
0.21387619034810504
0.5194545445486075
0.47724407484201486
0.4466959322246784
0.6831215772101672
0.6559669458177004
0.6276812369957133
0.23711435845738307
0.242243818541408
0.27276011480969875
0.5581433205471905
0.5307785548230473
0.49705090481743913
0.5361743815817814
0.5025722895039875
0.4744183140257146
0.5059539533035862
0.47547083919251293
0.4448200451544986
0.21679254175305301
0.3594622078083764
0.2402671640519652
0.3025751038051267
0.2773255035279419
0.22939907879176924
0.42263396025087724
0.5905288968126166
0.5605432173221022
0.5130467541895409
0.48255418223930735
0.44607775548440926
0.22173250293294958
0.19350596242285156
0.2628063410128413
0.28040447120852335
0.18204194705978977
0.1786529647366196
0.4947968378623967
0.2052559097375229
0.19099500273302208
0.6002427128408916
0.5587639712801535
0.5229148537443566
0.22407208263564582
0.20334039344781454
0.22349886168527955
0.5956637520748974
0.5527611310314761
0.5248350806611146
0.18385580778146293
0.2667324850015132
0.4778540183818992
0.24530565416993216
0.27332107834296276
0.338383204688517
0.32435188189640607
0.40984836831916127
0.663755929635748
0.6357529838173158
0.2584374954564599
0.19663750630094184
0.23839258044544834
0.39618874739061155
0.20859092612624153
0.2813779301320697
0.21776873891845253
0.2317770066467708
0.21974065528773737
0.5765065415550453
0.6538608846523409
0.6409011794722032
0.6117842879725511
0.2546168794620256
0.5663404082306949
0.5141099624508056
0.3450449516114705
0.2713749275467239
0.277328058733768
0.21263073855921746
0.2671890704839744
0.2483570091359394
0.2798101589589423
0.21054519538687425
0.2810276984204624
0.19893858752197324
0.25436432457922853
0.16432669587917792
0.3821300723331708
0.24364043301883745
0.2023511189565487
0.21019782147702534
0.2492335557863439
0.22079267413982692
0.4423813392189006
0.6187497702562036
0.5893046006002591
0.43545870496173544
0.39584511057365845
0.19445666904109804
0.3182887225795791
0.23699751288633075
0.2387943934030665
0.48647547055674295
0.479950347530561
0.17794285691838552
0.2961434755875694
0.3568784649594843
0.21553654455758553
0.3153087356315942
0.26246474566650957
0.1895594852053822
0.31003591059032815
0.22704236376722733
0.17510739147036733
0.66016439758505
0.6262495856755153
0.6018593755642068
0.26631378128220345
0.2519573187508557
0.3952045796725945
0.20801148087578086
0.4455790072622333
0.45117317694752657
0.25806091560710476
0.21691716491982033
0.20868499812120953
0.2989846402924147
0.2779612292485943
0.6631472006588764
0.38043149156691725
0.6025836593574883
0.33794136682068826
0.27708663852062415
0.2685838938727585
0.282941023856783
0.27920092344181524
0.24975148450345833
0.5819499839063481
0.5518165742125127
0.5200381272117305
0.4584374823061675
0.2746967265297663
0.453422918558814
0.22980902995641428
0.25514425314932665
0.3039813849647206
0.23720530528849817
0.23797708217634733
0.3465902190289305
0.1995533806773911
0.4184943536465004
0.4659610092393334
0.41194385807888406
0.2210646574107411
0.6793686664716545
0.21193122459265248
0.28247118322784803
0.26116032104209386
0.6052483034293438
0.2375332517747208
0.28187697490981145
0.20400332840586452
0.35612377384072486
0.2810909950690742
0.30275062843869366
0.23514963490361684
0.33485800837787233
0.23776542861901848
0.28166641777404555
0.2287577041237421
0.2569577428219842
0.1882760920813822
0.243341611987771
0.3259340953854552
0.22239005008072057
0.2511110422399186
0.31247104392137365
0.28602121051051865
0.2424323516489664
0.45211174562971734
0.30152558940967983
0.21271003943173533
0.4144272282210305
0.1847988970612875
0.2534762112236501
0.20657975848511353
0.2701129554071519
0.2500833560160283
0.22748087635542852
0.19828045492377028
0.2505169206379563
0.22571620696879868
0.20589256067219358
0.4015068856919658
0.281140748144349
0.2143253983288947
0.3827754793408707
0.5832528852352458
0.5530601490877026
0.3053546732133782
0.2763605779663131
0.23309345997490533
0.26185442542883064
0.18601062773499766
0.1520345812044071
0.35528744922446515
0.5436066821680381
0.5357782036314351
0.4567336070831137
0.4255192738049486
0.3958846801570597
0.2517311032865147
0.22081195996575734
0.5175018619879429
0.2490059934009767
0.6507393360501363
0.6205839887380704
0.4640641376920351
0.4501644283209914
0.3925653038357199
0.372886175948728
0.23444436319384787
0.21201818360061808
0.23063673032238535
0.2656093185904636
0.3094527262554445
0.31705519469213245
0.24592160183077935
0.49651169348175267
0.2527984198527689
0.5202526517183947
0.489348724942793
0.48546489146734007
0.5153866214781898
0.48465717677556003
0.37794904587071676
0.27995135250076814
0.17208249589872565
0.2688610851102084
0.5971852726513743
0.23089190394662848
0.30251861793803775
0.4897579946755931
0.2854081883248088
0.5771273886904178
0.5452158232977588
0.5146521120160272
0.65172487952403
0.6362139997176244
0.5935105972718016
0.303649272350041
0.23084359590838055
0.25708873533861776
0.6457094410533055
0.616687151879103
0.564997904522826
0.6473919501254134
0.6166187529224192
0.5559336061191242
0.28944257578773475
0.5528012231583063
0.3068360842736901
0.4875701221589502
0.43694753039759787
0.42631290491592455
0.2770692819106927
0.3725433032148614
0.1819755510941356
0.3437518273002372
0.23072739526738684
0.20955596591610837
0.290265194568821
0.28700807109843535
0.23523363200812925
0.5467866359538136
0.49597765105107317
0.46535112666759115
0.5459696195837354
0.5026659429934277
0.4719197489370371
0.27655144833632517
0.3534261152990544
0.20638524826203652
0.5501785271027718
0.5349679624049234
0.5015587492193223
0.26894619194230684
0.4709643853615348
0.43774527108826977
0.3776029004840103
0.3560771193187399
0.303296605461568
0.30207367736151486
0.1916660136434822
0.21596234962243646
0.5157944785498633
0.5093500223374886
0.45881646520542885
0.6775354181479883
0.29158097416563006
0.6212411401849414
0.33710175932129105
0.3309820324688522
0.30205542370704813
0.23904460020356447
0.22172082730013795
0.24956375499446004
0.25908405724389144
0.3365067822448002
0.313870086684431
0.4377707520464525
0.40785458268066327
0.22727719966646914
0.4544529770353004
0.20263101924039742
0.28678229474223954
0.24432609259926422
0.23667625172664525
0.2441735599179912
0.22253071386947382
0.24950316138438067
0.17788962084369314
0.39618344257553045
0.2285182828822983
0.23741184676775598
0.22853158146443153
0.22849309812568727
0.22301037896176087
0.40789947448667047
0.3760847409656899
0.23855059750753246
0.19408510077256025
0.20765390998639857
0.21297470446044622
0.5917123173010931
0.5614195147840165
0.5304220388884825
0.2368183486434094
0.4049239552093928
0.2579703851423566
0.48938136855348474
0.45846490463490713
0.4278847932508216
0.5933858569740931
0.562986026712919
0.5314614804031355
0.3702412382813364
0.24237376252174855
0.23718988794377882
0.5647921128774872
0.5224771024847737
0.5022626274296031
0.2833523952892511
0.43380743414410394
0.31465105370981655
0.6764581286494771
0.6487900022369386
0.6201007227014618
0.6980003405242242
0.6608897099782919
0.6424711358106902
0.7254354541233644
0.19404379810905714
0.18418867691754992
0.7041309702272883
0.6603054522746309
0.6318060441124419
0.3764612174339522
0.2849275067131177
0.15660458028170862
0.2369882232002003
0.2154638138235078
0.15737288099689514
0.5687937849815703
0.5364891319676048
0.5046527070217758
0.5699300214036431
0.5115427843488808
0.7862821922913581
0.6186974541205406
0.38480637045369515
0.6140396940287234
0.5827325668696913
0.5513517020748822
0.24674458187274012
0.2229508457534339
0.14445713044635047
0.318823296229771
0.18322403659021685
0.15067562269169224
