0.4389449571458566
0.44735111009555223
0.4567634820225522
0.8096116504801908
0.5298692315885217
0.4522992553700418
0.5989093205328732
0.44976007631882264
0.45643386814626613
0.32718645684410147
0.5904716038888677
0.5955868548717533
0.5046395658196196
0.5115840677460849
0.5280053970558185
0.5032811137328848
0.6694507839184849
0.46128578883518623
0.8616375727492549
0.4255114118317212
0.4024896977584327
0.447320998209537
0.4087363414247575
0.3319570121636631
0.4707981046446056
0.6223836223761586
0.6093447508818854
0.4835434181169677
0.5665968073062498
0.7676187633666931
0.5165454535180258
0.5025817342266383
0.4870694902873733
0.518249256783599
0.27277926489220666
0.4808452653612855
0.6083186103466807
0.40844785036414905
0.5121757488543228
0.38335281316362224
0.4112983246411971
0.6818262477982737
0.4120098729724046
0.3574804882050053
0.7501378474257795
0.43309131113334165
0.5651819797943218
0.5663181164684263
0.5108046130087347
0.6189118963262966
0.5760231429993202
0.2508055053466138
0.26618561548805275
0.34959101375618257
0.35385398701614773
0.2889360914153925
0.5225248097718448
0.6126431790150648
0.3673937032608621
0.4956483578732364
0.5010612523494378
0.3385169594523323
0.5333644986299527
0.49983265076774097
0.3303614141599295
0.7242052195951743
0.6550020201424175
0.6612662871946043
0.37583372727747166
0.6844552937708108
0.6601413482383123
0.5420270350507889
0.6450227981744404
0.5467055056497195
0.34616669200109984
0.8231081109990536
0.4153712574815768
0.29929075453724324
0.48148433692489145
0.4416992431016771
0.7418732309749825
0.4850320405791451
0.6983794418952504
0.6270664020148162
0.30415046004401236
0.5046411629068099
0.4322137110560363
0.5206732128340743
0.4747922744967694
0.24591867192397374
0.529653942108843
0.4166334481809669
0.5062321276698307
0.47518558467021804
0.46665928958313585
0.5254133142423544
0.4940127074482972
0.4345265247553521
0.2983811916894386
0.5922413374092382
0.2720697209120372
0.8445356960438255
0.3766892977990568
0.7077618850141814
0.4266250117905451
0.553002713392798
0.5815696589315507
0.5834149224646431
0.471964293755169
0.4513432714233178
0.30820435497092213
0.4496083043278895
0.36257841861570445
0.20732153151355406
0.5523033958536151
0.378548917773486
0.27756464188895036
0.6259000677410846
0.2590553184457389
0.5205557472545097
0.48658396630645157
0.5591428989623591
0.5781076539617278
0.6134604039573913
0.45191621207466703
0.45062610776880785
0.6770381319167528
0.4568394003598749
0.4028430348330734
0.5430099674420235
0.43679233142289947
0.7765646966470926
0.2597682930153168
0.3986771951808167
0.26459012386198266
0.31604295829564216
0.3844004895483339
0.5257230168479817
0.6293806203812413
0.517738550872019
0.31056169250720617
0.25540883916495377
0.23250221784638522
0.5366141282352297
0.48299165214983003
0.5889251425532518
0.3739907050527768
0.3246058880018394
0.5277793934856354
0.3767287326806664
0.25275574612924556
0.673091523782901
0.35156232222383044
0.5298647001825698
0.5219849561471543
0.7388173740931973
0.7192309008616554
0.4707411050938227
0.4449757596212929
0.2806633988328664
0.40177794326992233
0.52362322920159
0.41310665654217676
0.427877664976971
0.19889340937354572
0.568045128111822
0.44722933649025304
0.4868446792612369
0.4034278932147572
0.3038710885087658
0.4267567574650249
0.6074656099175693
0.6645590151662263
0.24569464402629126
0.3425742874802911
0.33790613935965863
0.5914207274343313
0.6136050430579149
0.8264583737460053
0.5806580391839061
0.4030060054002648
0.20046386780823014
0.28756335247881026
0.2916860276343271
0.2416390508127337
0.6668628561847005
0.32768633753025994
0.44421533315013634
0.43423772978767633
0.32655484183084243
0.29996639474675374
0.5932608182911597
0.43988982783921143
0.35681462086443844
0.5528510051897287
0.28979580797491095
0.5022514974179636
0.5710779743933744
0.5806707504912987
0.5856920322322463
0.4611491944520658
0.4636757993471221
0.5248541770181571
0.5262437519559556
0.5804104340857293
0.5413350760592947
0.6720259660079032
0.2961989181503939
0.7916231558393229
0.434606273573758
0.3491558250696747
0.4540042885927178
0.4898856201865697
0.5898284099766908
0.42985789384978607
0.4071878913605412
0.3719414446632055
0.35996464522200106
0.2944840691942239
0.32483723032074113
0.3187487652655778
0.5895431939687656
0.5046418958969974
0.5724823938162213
0.6320597175044501
0.360599837462732
0.4417533373697089
0.411131580537378
0.4696776375589713
0.4029508850051813
0.5361287665656708
0.42802347940182206
0.5519773163921124
0.5722862534910264
0.41029118430207995
0.26791829350691526
0.34263545970713755
0.7920985174159335
0.7709924780817312
0.507424029443795
0.5267894516644899
0.5459468191995482
0.5374563917512947
0.5022861394846971
0.6910748211074913
0.42712874798741585
0.6628449957577875
0.3550740213043873
0.44852700763629066
0.39006815537046624
0.3662063041199974
0.4830203471665991
0.394898981881462
0.5320868008067767
0.7588344844086218
0.7504367554660474
0.6835398390588625
0.48490218209216035
0.4465419731797768
0.3526613196620948
0.42292282744414933
0.5143270890408896
0.42395324372955734
0.6831999402691401
0.39379527787532476
0.31923874480813397
0.4329615537027861
0.4694081036129608
0.33628829024984075
0.5391402644021388
0.36195000242385283
0.4762537670517553
0.7707538215747407
0.6864962022682637
0.722507926684885
0.38485368432136574
0.335844640774652
0.3425725757702815
0.4074274286747077
0.5646692717754708
0.3226349253831431
0.4046538484657331
0.3733917525747799
0.6146617837388278
0.22959109964969654
0.22480745468519517
0.4052821172600584
0.6251072748538656
0.2531116492239398
0.6781624520230817
0.3683258084753377
0.6696495743558885
0.6216386327467207
0.5312816838203173
0.27006889608478435
0.5504721756581746
0.7301905508779469
0.5027993827635925
0.4263874521875193
0.4817388225772726
