0.3409461999092084
0.3077617132639102
0.3179410486269236
0.27088049519312046
0.6444281627129571
0.3815862929040293
0.24380121447675723
0.2902928025428206
0.20490372019889794
0.5950794289537845
0.5178716340153601
0.32987296535364313
0.36662200752735
0.16132889082032176
0.365616749646647
0.4472065824094856
0.40071840492294114
0.23446871214892717
0.3188704720870964
0.27733412768268506
0.46345117895229954
0.32139736626390525
0.2123941331107088
0.12422754262183157
0.29287537497669597
0.3298397409091907
0.24443759175182905
0.2464919078137587
0.19652469814042817
0.28784419011628
0.18445543945649917
0.42044475070238874
0.1461552285040248
0.3851522747252103
0.31521283212006534
0.241847204787455
0.33887542099638746
0.23336153240068047
0.16693632137187064
0.346699278167042
0.16340528873792529
0.1786738845122536
0.3255948412113621
0.2520760152045078
0.1622882454788347
0.23515850278654843
0.22711510596091827
0.24316585093198723
0.2637766887737629
0.18853151302805157
0.17703124083009675
0.30725886085560294
0.5580918598799646
0.20000948397593865
0.2656651455234785
0.2637548439828614
0.21200672516416408
0.46898095811434387
0.39816312049792746
0.39225392091055344
0.40468413631602396
0.5735327171856814
0.3238297508228833
0.2999799279878495
0.49305887767918144
0.3088882868222166
0.5131661429176799
0.28495886895004036
0.3928676530793196
0.3262044684681518
0.6169086650866846
0.17990329974639963
0.25767957935849317
0.2835303990389738
0.16513062525899416
0.625028596244612
0.45252700114977
0.2277622386982884
0.6486370882154873
0.3353326607018183
0.14835569305906218
0.607263910070932
0.22922721697668264
0.3364815241729849
0.2704488377644541
0.17803030076880272
0.5262776084269852
0.6048633008361376
0.5796802518602958
0.5544971886800907
0.6591029155098928
0.30783394555908966
0.4414928509444967
0.3665532976093704
0.3995861391918669
0.36887524603540633
0.5485198156918368
0.20405417365841005
0.2164176302724188
0.2977556448001647
0.22153437671078485
0.16530799738327726
0.15683021647682974
0.5111576997195556
0.5359586163646494
0.3979666567589125
0.1897850953465603
0.3109414512357603
0.23566249411605245
0.18814275793348056
0.21274762631049443
0.2784568244686641
0.22138469105228525
0.19681040487247653
0.35938512574016385
0.3666849487775122
0.5731270692206325
0.46500165393032666
0.7053740805779655
0.38823714127205533
0.24156826086771152
0.2423011528415391
0.22763521918397928
0.5426934410861088
0.19377150149704406
0.8747733443278483
0.7258704562583439
0.20696099991546105
0.6456933830083811
0.611588126256079
0.20022444457882893
0.18245415156148906
0.19054414665694677
0.3723281419563979
0.4911530874920522
0.2756004755925663
0.5875090089202951
0.5942201077402556
0.1824166904345453
0.2072146466194749
0.20742953418515764
0.212566776064219
0.5161141301702157
0.2085755957593165
0.631089204519366
0.44790960386350076
0.41779705358899133
0.7013183592232732
0.19125656867021698
0.20315022082843573
0.2345782471253751
0.6163171118866801
0.6763311250357975
0.1720071151983055
0.270781691663702
0.48406290119915746
0.4151912051387224
0.32328727653045497
0.1766213705199957
0.16898986114617479
0.24351987716647
0.2592022494339025
0.3576219094922095
0.47630832370161286
0.6242074385424353
0.4547766149679946
0.347541865531491
0.20245644405682478
0.1968445863870582
0.1937316761714603
0.212547261101817
0.17744674366922208
0.16386090314617535
0.49779963746033
0.19910371425918405
0.1450408861822711
0.3328348009581181
0.3077031252928747
0.2158877426492399
0.26424402149125137
0.34405065246820915
0.23280347818503624
0.28756647045975225
0.20243746366909354
0.19660114377624927
0.2459870121350468
0.1700171822764373
0.19658283574359128
0.21941524252970673
0.1950370092946724
0.2816595513911072
0.24003041133884745
0.23292602145600347
0.18635758791594517
0.1500981983636916
0.3707552712235828
0.18594691833396942
0.3407096527204733
0.1579232539620131
0.2848846605929164
0.17869483730859895
0.2060132844574829
0.3517588565319326
0.2509961512130737
0.28177056980630877
0.28808371209504235
0.5762193325333715
0.1979146533960205
0.2409253627115478
0.323908315025186
0.29668280532107044
0.3327645542837956
0.2982704372025199
0.23394316320358216
0.32082345221351694
0.20688336079739794
0.19620066029785996
0.1855649104608317
0.41363771659382154
0.17323141143685997
0.26728217637543755
0.4519594729150457
0.3052457061838186
0.2737520237387906
0.5617247628136536
0.18900241441646523
0.35933481374664317
0.2945531090532059
0.25016107164307394
0.2772938934057204
0.24201805424487813
0.24228861771303906
0.612674354737483
0.24998716609100888
0.4732365622902733
0.6257701774781088
0.5852158745880405
0.2225942393849783
0.7186815843204213
0.5328391962961136
0.3983169951233623
0.17146897669728892
0.20468602392460655
0.25992231128312954
0.3325752731856072
0.31956248253507846
0.1924473785452113
0.3003653122679404
0.2809319570940363
0.21682416145959985
0.24871661244718543
0.42487838621169793
0.3952049601754193
0.355100161112526
0.24231151773387505
0.19814567411467868
0.19284864968550328
0.32874042640626366
0.1495006491922797
0.3357379102362797
0.23074301447210047
0.2451221800287346
0.5842279039632279
0.19144427391257074
0.21916778641857498
0.17968409488141268
0.22298563500445015
0.22438992608218483
0.21343062042646366
0.13926040586048166
0.306939222715365
0.19577468250264715
0.17404722762593924
0.2620551396552487
0.21885667483180563
0.19389048206833706
0.3707490971901992
0.17842563931193853
0.362831944040117
0.21012942623064515
0.20499015426480385
0.22344223406279876
0.5287051771749077
0.3571387815886714
0.23112833701405008
0.3635688418470684
0.1637271702775112
0.3126751351365254
0.28950723131827977
0.2320455998421501
0.24492771694354257
0.4239464411311893
0.481378544658199
0.21742626780927823
0.27062365173627817
0.2532348971703269
0.18128955771960945
0.5651186224388042
0.6342819805519375
0.6312193584219291
0.2681615956796188
0.20085584152284
0.16648563930898944
0.26227340730529886
0.40789485358960587
0.21682264761067715
0.1713821561459931
0.4112816917295749
0.1683620859191873
0.1879104584112057
0.48871676642750667
0.5715323344643484
0.17085926661799786
0.35425410926783507
0.5460517056479731
0.22469572579576497
0.4609265218423432
0.5238519093702473
0.31859104599478033
0.31187474548818966
0.265632417580075
0.5238133400333499
0.5906147237082731
0.2975360479743177
0.40252911862800933
0.46672288494337183
0.23611067006249886
0.23562968821921496
0.20610513868589656
0.20737832417537028
0.18059028888708942
0.17031725569647324
0.3849021105636855
0.17510094680220098
0.1655693754853356
0.19485846768020496
0.22829098160387948
0.17208908289676908
