0.2610657826172697
0.4452264430993311
0.28213868600620706
0.24391154363706183
0.3379021036903141
0.18024336955040748
0.7085273454727284
0.4304383521578206
0.46538966300072876
0.42699603123959035
0.3186562598372278
0.18632880610772606
0.2825040241545836
0.8327278689847931
0.5612913273341998
0.5829619365593204
0.31290925478194537
0.5232613039440812
0.23183457208644628
0.33058752314663614
0.35583188795773407
0.42738387112106424
0.39476185679999176
0.2355386929527899
0.4419470544688545
0.4027419431426743
0.28426285479922314
0.5237719893788373
0.5518024751520929
0.5172034730986108
0.48946747465315465
0.25712475320101535
0.3570234677581954
0.28968315006743967
0.41055089654119353
0.24356246768461087
0.7763053596951311
0.7542784027983793
0.24147951640808307
0.17630465657428318
0.1662068123116904
0.6836823230830815
0.6563572014292853
0.62813778439203
0.37320667797821805
0.2549737910077668
0.21309899764445409
0.4263331556913156
0.3281037179667117
0.22201427704754603
0.28909678978616576
0.3336745189362068
0.37071237220159003
0.3834814142716125
0.5892386307636164
0.5431287546283897
0.8048853178375157
0.7831545122258529
0.7553323334314328
0.6013158632894208
0.5715982513803195
0.5404687067547234
0.2536353724070532
0.49283002008913424
0.45795460512591957
0.4496680235316966
0.4534345257479193
0.2712727205612538
0.3055961352420017
0.26571688886317585
0.17426935646875025
0.2635508458049954
0.2624568511935693
0.2645380855242253
0.27096004602078694
0.7003889092877954
0.17826968788015304
0.2534932756942795
0.3965147534435609
0.6580375989474461
0.3300065808068357
0.4166957840827894
0.2695248366116121
0.3631863997894702
0.22587497913799168
0.32803501530149126
0.3054462204007164
0.6422183032239374
0.3665672853359288
0.5386368528281135
0.5078005701159278
0.6066983719248357
0.589980974855458
0.5445149538285896
0.7224724413346097
0.6969710403560436
0.6703679262681661
0.308553102838264
0.6854165499286904
0.6583782969062302
0.6125026466516418
0.19084991805904322
0.22826847301817815
0.4491302495840627
0.24197601438390678
0.394372701041861
0.25352062186983365
0.24635858135419625
0.34028639460438315
0.36486363323744736
0.2926652889477003
0.21667528911458178
0.32941221677194255
0.20200550747751128
0.26706272298291267
0.26041610373008167
0.22010981283093287
0.2184126179304063
0.5060434338509961
0.41527698992403134
0.23948734297507962
0.4997381248762681
0.39890710445613425
0.2279565614427869
0.4115428433528129
0.27774148513021213
0.2640400261677762
0.680663922129715
0.6528990495283957
0.6218140648181223
0.3554621809017741
0.365788581616311
0.45621128959130863
0.6752832941189926
0.6476524837036628
0.6191039455535247
0.6852854388950811
0.657221984227072
0.6288281781091664
0.19824697821452492
0.353490777503681
0.24059661436100976
0.29352220732845746
0.5057680222152828
0.4555999923103225
0.3330657205174869
0.24574598867768807
0.19285612985624215
0.4060073331988011
0.2908978483697708
0.45309740932206527
0.5852065574640942
0.2577276855586064
0.349024664975271
0.3750068887239013
0.33218805436452237
0.3687199666696305
0.5703483086948862
0.5371953782712632
0.5062494603480739
0.47860190126152247
0.2341447826507263
0.19348243218610245
0.44739588498795985
0.6822625896474516
0.5094828059319968
0.6736822555572108
0.6413165731691844
0.6114919389368149
0.5818510298365704
0.5499630280957531
0.5124619227271672
0.39345842630127426
0.22439050332296717
0.32259987672500484
0.6220808058237883
0.5919683538620638
0.562832358063291
0.47053613444889675
0.5795931241133251
0.5449273890683232
0.18201211345623106
0.16596363847537446
0.1688521288327358
0.47321496227176624
0.31137938783527697
0.6122526653661674
0.8129877723247563
0.6965318488301301
0.6533517385285493
0.26777090589823666
0.2967991382312728
0.6152765119710687
0.5772280826951848
0.5552632385116426
0.45038089300834067
0.43959827147137925
0.249824997079801
0.5957601004399206
0.5656804059404883
0.5353024972352894
0.36615712470257655
0.32935315799995324
0.21482912289236128
0.5080542398625386
0.375707858102194
0.2532043112268618
0.2466843395690183
0.5807319982794658
0.26717337626455506
0.31438344874835716
0.3718769092404418
0.23162244451657282
0.2287853928691354
0.29684055934149584
0.2828839632419209
0.43547421926311086
0.22176536871817973
0.5163960410512045
0.33251948310663926
0.6075905205367959
0.5777228415047923
0.27928541815786345
0.21074080872407452
0.3560409949407824
0.29173256308752094
0.3174311648611493
0.454587881913888
0.23468735392092063
0.29207279350561166
0.2956620293734016
0.29832325143739513
0.25996832729231073
0.2756271826333542
0.40470578104197474
0.4014209335617685
0.40764574685853633
0.5649439349530019
0.19724930393964557
0.2646738241252786
0.223227013757248
0.17280233558513586
0.3054220711640764
0.25017596926868585
0.42034250597293055
0.3711232083596107
0.2631481607978666
0.262528136917765
0.3921820767969125
0.32898294557992824
0.4320114615242758
0.2942610051989445
0.3147330028133731
0.41068597610163227
0.29589174953661473
0.25529689306706377
0.2309693311025243
0.28628904656731063
0.21079857379323186
0.2263073512052504
0.3484232587291158
0.3399698606405171
0.304482242637399
0.6059952142862907
0.19513013874798196
0.19871026364720581
0.3815676782755879
0.1855732784556692
0.3138076145306641
0.468750077025123
0.47114574343258725
0.1805073514654085
0.5859419656604637
0.3539258859449195
0.36238725416677087
0.294953413357657
0.37709838199807455
0.42925036953776
0.25475293565991836
0.161285825373582
0.31560580945445305
0.19498944813319855
0.5819450329575668
0.325506186652936
0.33791863970865244
0.24512705643744745
0.6143203164255843
0.5735817706677628
0.18203192175263824
0.32181261177423126
0.2721029233078843
0.19320007964503902
0.44966248979653506
0.4323279284870005
0.1989343245626188
0.4389081396408931
0.39078631410719256
0.4442259393803369
0.2781146975083829
0.6537673158959924
0.20719005285725542
0.7320423007414634
0.3627523986148885
0.2788473833627294
0.6786905337930427
0.2924791314609502
0.22717335892195364
0.2976531193804465
0.30780564615211
0.3914197120050529
0.2323625889482774
0.7191005045379224
0.3286863905991995
0.4293615693823322
0.6578805919689799
0.29016452870137216
0.3115962997711936
0.33785640814522416
0.5400757127037199
0.5001723961259226
0.5710790127290719
0.7063296693545574
0.6825415561963418
0.2931423781563482
0.33077153695802486
0.23487758765756692
0.3357290064957427
0.31125622116696094
0.1582459920734008
0.4207248103045868
0.5161811092278747
0.24523321517204194
0.25283883057873086
0.3234516269221382
0.188708556493157
0.3064875661734933
0.28517718695400024
0.42225986275892613
0.39266880483273714
0.3523563375777415
0.526260806481394
0.47915160407157475
0.44860598701342985
0.2064988802475994
0.7034500497451011
0.26037127534322724
