0.253508840895625
0.2876331667437727
0.18013841624011656
0.30833108635677264
0.28005620592929165
0.2388221274943929
0.7667059408544032
0.3840942538009053
0.5263589856636072
0.39104385108027606
0.827202389358541
0.8088309507233428
0.3720761840503467
0.5078562651148577
0.47711662917407205
0.5068187096525217
0.5273283530228895
0.49659504932965354
0.5119942005412745
0.4282076211487128
0.4771270647120749
0.5602056550299419
0.2527890204627343
0.6373810595178432
0.4113368952596657
0.541021323342131
0.37572618394636625
0.2703036041271415
0.21917366254866003
0.44956011268231716
0.61064507259789
0.750822775704736
0.7271677530258802
0.4750295184432206
0.4281181307379737
0.5094481574092727
0.5071157709980014
0.2314913036013541
0.6688227084400713
0.5408357938526169
0.786021459970475
0.7646532957564651
0.5740912940669498
0.765413848755492
0.7426694593406716
0.5061043500009418
0.46343494173831445
0.2873378684868793
0.2371545920981421
0.21656537473310372
0.6804314965584584
0.47756151714030143
0.5997642067820804
0.549374644943531
0.2797000800764494
0.2861742314907854
0.28260036807759503
0.35052815344912563
0.3245677271104891
0.3328953232821089
0.30748284747700594
0.4160793550190064
0.33328971498740817
0.2983550601604571
0.37970421471740673
0.20664360211785773
0.1899393965701582
0.2100385207398836
0.39286942263976604
0.28676013876269757
0.4831442708978831
0.45511657015696133
0.6041804730021277
0.5758874649290102
0.3743550918163973
0.7802020112869666
0.7594128298181053
0.7866609135914608
0.7652306344663157
0.7413647928341406
0.55484011904007
0.6369250623824824
0.6081214488683292
0.6697590257294721
0.4078186123207833
0.6502041915449447
0.7810340648688483
0.4825371367377318
0.728435680720667
0.5457267976559429
0.712151202661961
0.6863617577366111
0.3269899521971297
0.46698851343475434
0.2735940789088259
0.31678262930208884
0.2887129840003123
0.23102435999977997
0.47139123474955413
0.6724038792832215
0.40814321840213513
0.49330107020821357
0.7386714015220155
0.7087717252550729
0.5510253954594135
0.7238532828671814
0.6998612126970628
0.5066535237999523
0.4788240655257092
0.44236047552788416
0.500412907325004
0.692635188855731
0.6671832966815296
0.19141087659055656
0.3911869430032789
0.17988023483213644
0.406277247195965
0.3594725368865629
0.28140777584563836
0.25368266979582754
0.7321089562761609
0.4075639895387382
0.48760970608224247
0.6315376295979772
0.6025529897855012
0.4600842923902924
0.6217959311155073
0.5939233509211167
0.38043631254501564
0.3051335643839144
0.4135856932493148
0.46950760286170107
0.64854899444535
0.6069304165138544
0.8234973343043636
0.8057857604553936
0.7858314641207187
0.5285339938460216
0.6037508602401135
0.7077340440375152
0.5625621628951348
0.7222983267169651
0.6982347040285736
0.263968526415714
0.1694879204411597
0.7371787176290234
0.7286662250392192
0.7048554528154309
0.6774956988140005
0.5707110338267891
0.758001263339923
0.7347870103136285
0.5972297234615451
0.7643878390043977
0.7415774452705753
0.7722956555557654
0.7500006547849968
0.7262605857664205
0.545993129474358
0.7331525789638884
0.7084716465450204
0.5138827485771238
0.2855612325813138
0.3685790627677684
0.45966470641667534
0.3827438127446169
0.5941325307847931
0.8058784980584759
0.7858808291223698
0.7644880945811685
0.5864663857280799
0.7706349557967488
0.7413776928238963
0.5125551667639004
0.5204898355562477
0.62197556319645
0.5410294222422571
0.5197360332085746
0.6842779673026615
0.6559913488187793
0.5090069919628712
0.689063197638879
0.6623151140957498
0.5268479775481079
0.5040097764551775
0.43919789292508954
0.49470774976104415
0.6884018732220964
0.6614561495142777
0.5838963843903934
0.48735535489413206
0.4610690974537521
0.46624950840387375
0.6660964106705887
0.6379074777650979
0.2373695772636159
0.3916058418415473
0.37263896428657084
0.6435401738041753
0.6136866856522869
0.4100558107229111
0.2491781260209727
0.33953733469595737
0.6779827891498398
0.40022394299134995
0.2337584779805927
0.2567606890964514
0.2554373803422854
0.47249342853547605
0.2709117940216331
0.24875985185420532
0.3160263827433574
0.377148243107385
0.6387646940765901
0.41932652022469113
0.3056148377008316
0.2545731603753517
0.35146043606434274
0.3307405689069136
0.3392576019498715
0.5635819664852886
0.43389334730735923
0.4129917312503821
0.5988975731664651
0.4615856089868545
0.3270113500056989
0.4858516513746882
0.357405569250514
0.38202639603932
0.4519343557283715
0.32340538834391247
0.4568614815933056
0.4948562251816155
0.2915215655773064
0.3301902416245872
0.6633156748025809
0.17906025579865514
0.2816228927230983
0.5497543983195945
0.2652957027344422
0.34661167609776095
0.31919419421955625
0.318422951255648
0.4306614607044236
0.3157076326561013
0.36833163493138454
0.3427634738326273
0.3547075167463229
0.3603584305267204
0.23852721082448158
0.35705598594355115
0.19006444422570984
0.3556458384357857
0.4204190222030812
0.26982759794476224
0.1943941349083818
0.17508608163226297
0.29402124822399966
0.2983640356822623
0.19550425912913122
0.20254218638038243
0.38616976023000815
0.5333366862942618
0.19266680760218602
0.2797431648275304
0.4234682168035441
0.5006923830954829
0.3980845477667682
0.4007713063723402
0.46736140451066865
0.5484798717009721
0.7089588486803036
0.5802345131122328
0.5092665450565277
0.33758211904146745
0.33304188471946095
0.17162387543953098
0.7482556946210651
0.3591453656891396
0.2246059839430126
0.2128868942470029
0.5080767580776587
0.4372697376493232
0.23020357598855487
0.30166090248475513
0.5409000765166098
0.34092938755148655
0.3035433518401063
0.3811844035956888
0.26697687257966346
0.3972034626153876
0.2361720598826543
0.2661777032143096
0.5370775882523442
0.32611736505613476
0.4862196591804464
0.6760278243337788
0.630216582914956
0.32518550562976056
0.29616646783384576
0.2575089761505796
0.16193851028147882
0.7673298646682598
0.7446751216758818
0.7199604239245968
0.3753777557960372
0.2562290996338907
0.3027629488932044
0.3524461467722308
0.5014765100738767
0.38186236403878115
0.2969781743148327
0.25552698458800344
0.4387003448328876
0.3433906285143832
0.24355354535621668
0.7039053200994585
0.6930987240182542
0.6735922810684811
0.2193643077191086
0.37959333117250826
0.21270095651911158
0.4903465375312573
0.31602362571121745
0.28944229834608537
0.2783747698600349
0.17206560966064788
0.18557371026031758
0.18792034932720247
0.17435083688741448
0.26362648344341555
0.19892985045345524
0.3703013091560941
0.4610422664073602
0.2920320932762958
0.5088760581377819
0.21597998330789328
0.5554132001398729
0.412581077912986
0.34710832746566134
0.3131056636107124
0.3615908569775465
0.19171736845905726
0.23760906166515225
0.6727344430338044
0.3058525959378116
0.20906183085553914
0.4614776891479818
0.2485554183310351
0.3305187736890986
0.4020811077711286
0.22313110573479292
0.19878122584676144
0.3446464556556185
0.31542222408778026
0.42741872288076155
0.40355760652883804
0.39084440665734815
0.4398740758932196
0.7574140348681934
0.7119301687453413
0.6860879830409901
0.30567831412130625
0.5102835638266708
0.23826282144173655
0.7583891807596294
0.7125874365672179
0.6867782719614159
0.4634540232618632
0.334179849885012
0.4988991413898179
0.7706886036282337
0.7235319667466523
0.6982894831550938
0.6526289614532524
0.6177770306997284
0.5884151178411428
0.6512638543068471
0.62290413196059
0.5573911452105423
0.23246731673908674
0.4081786197075909
0.37827851324687817
0.3781301589888514
0.2319997571145751
0.18733697851533881
0.3133692733064605
0.20570636979228413
0.37851249479600546
0.21291257347012205
0.21200977529051576
0.33534337247756957
