0.3670933102071644
0.2922567132806294
0.6432325562974059
0.4951325509112827
0.41370519322852417
0.32597842126661597
0.43436935861547915
0.3644783141475581
0.3707943592310516
0.5767801671682431
0.5088477163794723
0.354632902218866
0.32686208912155046
0.41946869059981595
0.35864587952717625
0.33365166908739863
0.5050660366933761
0.4795889632785914
0.4054059799704068
0.3753915163567695
0.2644691243474686
0.3540728476809948
0.39440884999956993
0.5481383696593064
0.26394542997333315
0.536397556092456
0.3507080019486024
0.20963446877904204
0.355667659410101
0.6040044232767394
0.5742840995584878
0.34100832167989104
0.2873651586651491
0.2626627977013771
0.592867669959838
0.4616466069781189
0.47989829885291274
0.40563209506883807
0.365790647429767
0.47373929007960447
0.46801653452038144
0.5991595689103116
0.48842916952318155
0.4423858289900518
0.6231612984063898
0.4672314121587633
0.3246923665190485
0.34959009361978016
0.5171878919835783
0.27178736609368515
0.48053761733095557
0.28507589629712415
0.24853651229939633
0.3212328152663801
0.3771746686427927
0.37844110178327306
0.2677166278681537
0.42276793025214426
0.43196904622063603
0.2642936377126985
0.2650304117692436
0.37400307267731303
0.39066002703112684
0.2507847935816491
0.34692796464818604
0.3063038792808522
0.6600228720263912
0.23891617052296382
0.23445312173350383
0.5287589799027073
0.5044036005489565
0.35255635545758984
0.42937663801932063
0.5231027241742493
0.40390957534877536
0.29472265029910377
0.36675283991655827
0.31705173768458506
0.3866686106057528
0.38712447838760133
0.5451337295142448
0.350426563820833
0.35115038086940153
0.3216882332604887
0.3037408908615107
0.2781483480315581
0.45772380106794314
0.25160026980431527
0.28093800198074975
0.4218563326358943
0.3052968778458354
0.2633603128197674
0.6716357305047147
0.5577234642801556
0.3406216586393754
0.44040747790854434
0.5449414099939758
0.5142728992076853
0.44730323370891717
0.4241030349135344
0.39968218309421455
0.48566369084189287
0.42548670112062587
0.4767069270261692
0.26728384169743913
0.335426161632805
0.28548549230571846
0.31965690616120185
0.29249480590344923
0.24018735405461356
0.42404841852601854
0.1504357496679791
0.46632039048210266
0.5270659070475113
0.6869898693218051
0.29899815753847764
0.3168864287719777
0.4670643587557743
0.4181909802648114
0.33713326049847087
0.26161099076143596
0.44414408763970165
0.4140599033263611
0.5036684899743651
0.255150664869072
0.18709452397512055
0.5023455975308051
0.3925954603567456
0.4544035615545178
0.38801168421639076
0.4147399440263558
0.3395386733391115
0.23975552622969168
0.556285122478967
0.5583246431263428
0.31705070611101255
0.4808506872280005
0.2976028655123511
0.5200619329178925
0.2874539284437802
0.6016770007269864
0.37039416365695665
0.5796287297872372
0.28024553821851694
0.26490085563506216
0.5248198334206018
0.5066764878354564
0.4726379518169605
0.5481989967983963
0.3733311156192958
0.20479955914167444
0.5973972262886363
0.6640442222903729
0.627908257910401
0.3173910721443087
0.35567728037724017
0.42169147804157436
0.3226770127026978
0.4822763244499972
0.5536878703663088
0.5231832160626231
0.4915761515131687
0.24465782006759582
0.33007156074562766
0.3654726994257811
0.6305547895086454
0.4796609203771921
0.4414235440444052
0.5710905354819424
0.5407959319997617
0.2183192610504915
0.2752743856820695
0.2967811806849979
0.3053477176141164
0.5392744776894185
0.3452481763112713
0.26152091673483774
0.41483140239561866
0.25325051460341946
0.49809733890317887
0.4194726081840457
0.46128171647948735
0.340889060379456
0.7634316375024657
0.3138747444579718
0.5857506171610375
0.4734308409956802
0.3719102785075611
0.3506774298091532
0.5926754493178465
0.7054851716524941
0.676715017094023
0.6264408547255682
0.5658339273413754
0.49659028860759685
0.401410269320698
0.5853163438353172
0.2648485367125129
0.43923887421236696
0.7236850740253638
0.6934827412121065
0.47957053313304976
0.27158361094896205
0.22526062827616647
0.24843978543852505
0.26291984496879167
0.3380410902242771
0.6300177184440895
0.241951255997792
0.2605124408781548
0.4212901281297007
0.23218510373392112
0.4680757751888997
0.26831733841836275
0.526020289646422
0.49300387548371594
0.46094359442462507
0.4180756200906954
0.38753713271243156
0.3482708643511772
0.6184146129782737
0.49765249519689314
0.2764749018970051
0.518610431507997
0.448985964545071
0.36213970778940596
0.5858265542230092
0.3042211569444608
0.40273675889067545
0.3138332562631947
0.3997113418617222
0.36398447688947966
0.44149913043321815
0.35554166362375234
0.23770148000338023
0.3622176452948317
0.3375968605108814
0.23157816757919766
0.3024627810949041
0.26462384326876176
0.5533695784941268
0.5149581608548658
0.4574994017906888
0.2992877888360562
0.3433255906185082
0.38311405159508544
0.35928940619793953
0.4467973323489074
0.5460443841814779
0.4047815230870357
0.581386089771861
0.30979039142487885
0.3542471719602819
0.3750168804993933
0.32678298597049377
0.6118772406789568
0.4606830102393701
0.7322732637144876
0.41588745803590976
0.3102690054318448
0.441440390682708
0.4771537527327976
0.5687928317664058
0.6690314674849652
0.42568092390069434
0.38142746289351015
0.6268772566090638
0.597756278682361
0.5679317495292044
0.37782634183985003
0.36111656129357733
0.5251702221608148
0.3792711894810655
0.49764503110693703
0.41302883876716123
0.5086860012693346
0.517941533268207
0.47473478604833985
0.4833731195045977
0.29635725999422374
0.3609726338268724
0.3418937795615069
0.3778496092874349
0.37493978471462347
0.6700074318550517
0.26748958756620805
0.518070837244953
0.3705311411130218
0.31182304566583513
0.46601009291029205
0.5411278651952499
0.5487531478361043
0.5047128171388969
0.628672659206019
0.3027135340992403
0.4793203569812719
0.21310460890610294
0.2733644375369231
0.24203210428028252
0.727034932216434
0.33066361816743456
0.4626820986349914
0.5791256973696588
0.5285495447251893
0.6022017099352767
0.3418112313932313
0.38359588801374994
0.6586673621825696
0.40391149773240786
0.3219806595335155
0.7055466179192369
0.5467533140922896
0.5150011667565637
0.511968301628833
0.7087906296554981
0.5194940394041045
0.44941658290292885
0.25518873320862073
0.22679278991883545
0.23360458272045906
0.3552602143061096
0.5613688634791858
0.41470362029288665
0.7734332789756061
0.5768957621992874
0.5438701834099033
0.5471351995913291
0.6418145353048879
0.6461782561938051
0.553819572079496
0.4065973995263892
0.3629218235690042
0.3536614844611875
0.5610016177285341
0.4881813852706783
0.2801072834132753
0.22803910650819612
0.21789360846843106
0.33068575885696005
0.35820665504366594
0.3036658495497699
0.5482914644830067
0.4954404783825153
0.451549077548011
0.4094686012706569
0.3353803840024429
0.30802578953794824
0.4298085380033839
0.457796179031867
0.287428773504188
0.6238709348732485
0.5660137828935954
0.5354429086511757
0.4072581987983448
0.5821840179287116
0.5520583569434068
0.5950116653164672
0.3251708492187495
0.5228943896473407
0.5536971870004634
0.34284620962564394
0.31514646598095186
0.5514309670227724
0.3539997941941973
0.30266685265070625
0.6207536591589006
0.37370219920749
0.2567402513661501
0.396813276144491
0.6307532536135706
0.5763797332621501
0.45672218870003223
0.51613068090079
0.3980702579624567
0.5289853947764693
0.29743457326143574
0.2955934704095844
0.5062252884444911
0.1964390730853938
0.36618610111411165
0.8004873475082177
0.30668963985677267
0.27238215640793545
0.2818596712821606
0.3573600830750076
0.5305695765528524
0.29998843004175596
0.3951944208383168
0.45168577233595086
0.4013822695921068
0.35161932238338445
0.3848921270525039
0.29884024530692477
0.5626270329947899
0.38380680541573553
0.32484486126904777
0.6105534153637154
0.2610154771595334
0.5216988185829222
0.34392134316173184
0.285574814638066
0.33592528642624647
0.5624351760297123
0.6244066492613939
0.4501104293207223
0.26852688012136816
0.25579472093551836
0.67416176589895
0.44112085264823775
0.441227673814477
0.32546130376219323
0.40411117998488166
0.24937063388365682
0.7892203684290339
0.4037018243830151
0.45651573158207354
