0.22238479229834676
0.21441991094742865
0.474066631164035
0.3507736477792006
0.20409709338637835
0.3047773061386414
0.4351842384184104
0.3123108518613321
0.3400595092194174
0.3563875000050873
0.35087959161644666
0.6975726353331307
0.33911081061267406
0.37538173614800063
0.3039137104767393
0.4213097985638601
0.3918061416869124
0.2036296718504915
0.1843505695633926
0.2737868327507983
0.1875796222609608
0.15088431378296893
0.23172089230115056
0.5081141608525882
0.1901331070294721
0.2255567643086707
0.31913923411746775
0.21794068269269734
0.25776747260975086
0.43015190787515684
0.2538044202524753
0.7941792143291578
0.22701562911706888
0.3568617197160684
0.3339626630041005
0.37035281632827277
0.30930979611288123
0.2810674191916993
0.3336378300295928
0.2575331601442741
0.436703252645447
0.25646849526374577
0.22023476654373328
0.19980239160925645
0.1821408604001267
0.5140428516781042
0.597571331120499
0.388142379628328
0.3591846238045273
0.5471789218413737
0.5997346885693643
0.7445553024056116
0.5410048366620402
0.4584698570589015
0.3468484958024607
0.3231945245677445
0.2952852230243173
0.2980485776376662
0.23414740974202744
0.5053515149391034
0.23742454867763282
0.171850885271051
0.2632729099410925
0.16479572855246546
0.1495519654026637
0.4731627698003211
0.20967230213841637
0.3505511064235577
0.4173620775438157
0.2074539764402697
0.27532560234158515
0.3023105206219717
0.3477483327624462
0.32032599708769216
0.6063708835419026
0.3666838109400792
0.26904665498373276
0.4008688801785231
0.2569915508205273
0.495501778061559
0.5660884300019622
0.4099944744260361
0.2233001882800621
0.38000475784045185
0.27766015636883845
0.30294736174300213
0.2950511932314329
0.3727187956532888
0.41640477408085236
0.3939091566269318
0.3113145814678849
0.6131992980914462
0.5791735167883465
0.619068239547283
0.5896104887717544
0.5582287663068874
0.6914444131481494
0.6593271954890064
0.6309672929517742
0.2474285845432758
0.4079509337136648
0.25971790362456054
0.41841821982154714
0.36121001127482216
0.2658882598826037
0.3736175853084331
0.6639081069759224
0.6349582706858945
0.47954338621906833
0.25786436250689004
0.3020549369721306
0.3186289030193394
0.6308204477951028
0.5999378223596362
0.35200605476003377
0.7279075348170575
0.7040739052420957
0.7536254289393172
0.41324730700404677
0.703080858670623
0.514974962852406
0.19957626084460553
0.38295014107934794
0.41434665453974817
0.34947485965075653
0.4108258680025962
0.6948970754358821
0.666103979931577
0.28235577263671935
0.29158289690690636
0.31218280934882386
0.3086259631208937
0.5905169342926994
0.5583831925751773
0.31469533843018954
0.3073503398954197
0.22914482007518475
0.3298978725450318
0.33033752355081303
0.3169474952216575
0.38022937016871106
0.38693571643981267
0.37866159796171295
0.222720765486488
0.5317680338166274
0.37734690547592215
0.24358914689263675
0.5711869163563221
0.413053354977392
0.6399391692872951
0.6110359875800973
0.5814978345966867
0.4490141080501248
0.7117026174847796
0.6849176303784618
0.45637510434637024
0.7430966218059748
0.7172607219133046
0.7203060662823497
0.6947892325300808
0.6681199004029073
0.36112590601546213
0.5868428081840482
0.5096563639298597
0.7244771137092146
0.404199605488574
0.6701458161135307
0.7744479228469775
0.6515184352924009
0.6230411067652639
0.46996856634100076
0.33442742284404814
0.6784213639041489
0.6377160990849959
0.2933028295919971
0.5864249723274741
0.8470508378579895
0.4976691050638891
0.5497999503509131
0.3655547006540967
0.7077345640452408
0.6507531304719222
0.42504157392392167
0.73972728162848
0.7260578166896989
0.44977047124635183
0.8045520267410365
0.792742703704926
0.2645159871889928
0.35845346564718145
0.3866615806987859
0.6634748001880965
0.6352199600372738
0.5931903758002544
0.45553432425962065
0.6962336310119654
0.3924527511967891
0.45761959791088724
0.33977700413777
0.28477225368721215
0.37451285218599306
0.40768152373340494
0.6980471081733286
0.4754514601704415
0.7344268009176038
0.70886527105257
0.3764970230543965
0.6437812796743634
0.6150677287899334
0.2994543210149464
0.3206658342932416
0.2213298942149095
0.5001550474005387
0.46422791256895407
0.3613945531511172
0.37163850299180384
0.4354392573349996
0.2992035121990452
0.77289751123099
0.7463904172085762
0.722029244116188
0.5008509901665007
0.7164198839770937
0.6919938275792479
0.6639225301127416
0.2839476355153676
0.504664458523041
0.47120750478248447
0.5965162810371916
0.5655368085140345
0.5342996188780679
0.2791144771424936
0.341010143259861
0.3682219116500932
0.6752799299766781
0.6445754113084338
0.6008435484509048
0.33907505884544303
0.28681070275812903
0.44025740897331134
0.6271800967411411
0.5979119986477452
0.6122722509369186
0.5827686252443047
0.6708591610405167
0.41603304466462204
0.4975465463072027
0.7060810324840824
0.38630695013835753
0.4634782098946013
0.46528606347277646
0.2997291274810401
0.3788068973275537
0.3910709985175651
0.4055447376270278
0.4050378936727938
0.6350446529848726
0.7434799641793292
0.7189354112711142
0.6841386875202011
0.2907942831701941
0.379048101676112
0.2501291282403694
0.3856125544540004
0.4507807432299341
0.34287610460471346
0.5471949047738758
0.534547787700985
0.2503826281598879
0.5307692814777574
0.47876888151968894
0.5944370656949954
0.2768835009415491
0.27982847294838104
0.21114946294383585
0.7690469472051241
0.7457240996001228
0.7224772631525467
0.8116216613164453
0.7918597704529836
0.7685584775395423
0.38069565034634933
0.19300577370640812
0.6320890860599887
0.8397057260373368
0.8210533420582643
0.8020461366265359
0.4645160112797281
0.337801254258651
0.5456767701753714
0.5967760819758421
0.566883758310094
0.5384151979210013
0.2945982942559171
0.3171093935047655
0.33241567019111684
0.2799758184762535
0.22855614432516289
0.7034796058347459
0.7361233269507435
0.7106500557748774
0.6840492513583039
0.31625895915025426
0.6474531617077927
0.617842535418272
0.6431821787390419
0.6137257194243534
0.6037210720190034
0.7174643703963741
0.5907807465316204
0.4992427843050678
0.605709734740102
0.3756040919206885
0.3705766019650437
0.3426744907975117
0.4345977878054915
0.5482383382556195
0.2698385232081711
0.7456194080797249
0.7326012597539929
0.7062944204999703
0.5784191659257488
0.5201435797273031
0.6445399519671974
0.6159090728698726
0.5869969550786133
0.5302066560457992
0.48783285777670654
0.45631647098006295
0.3869370359037535
0.3352664294150351
0.6335296040592795
0.6031332950146611
0.6083126051229278
0.6064305563127194
0.5766132113105468
0.5464139798233859
0.356667876589734
0.414395227450024
0.40909258323380765
0.6991888781171225
0.6718438034798851
0.6427272841560853
0.3234361886796171
0.21905159737544466
0.8377429836846798
0.5537434445124412
0.7815732862886019
0.6756501890254164
0.6483276877020641
0.6196028457823595
0.28983538555258087
0.35995420436396336
0.22057110443709887
0.7314551017636483
0.706335022083297
0.6799534968044899
0.637618977231186
0.282201086372773
0.5253713956419287
0.5266045556112713
0.4953755005071797
0.3697528763204946
0.43696164285719036
0.3026495831979518
0.2555279698149846
0.4709437237685441
0.30081676365506965
0.31449069967277865
0.5487225359910024
0.5644210950939907
0.43416973546993937
0.4060351228241182
0.703774348200221
0.5238021760524765
0.498756369387286
0.3593711420209133
0.31987158227552187
0.40867930864534685
0.2559271554550042
0.7145256669567964
0.3292725937429135
0.4967652956779113
0.2547314308135701
