0.6902884449913725
0.7637230921079281
0.7311209132644226
0.6997943277624643
0.21807051810647338
0.5470717348517585
0.5678506884716632
0.2805367066670242
0.22775246151159756
0.5249900420602364
0.5567695976337425
0.4111257095619729
0.8095433015823725
0.2307999270735294
0.21140452715965485
0.2430965949575216
0.7993349079605625
0.4249590963000087
0.7390016236320177
0.3083908152089185
0.25901752378924214
0.14220382587199312
0.3518924746616984
0.3526074266386825
0.1398827075657426
0.37651566750321536
0.6982061867684076
0.2134678156845695
0.25564172424194764
0.4460604373864954
0.41591972748472267
0.3677949032552666
0.24044100515270916
0.2043530803010596
0.2929621393237345
0.2931134483941254
0.19423152760946236
0.49605867988476393
0.20140274574815947
0.5019625477048149
0.19038057919564463
0.526261263334342
0.4914925113371961
0.44068308112241134
0.3243046768873761
0.31917266576559744
0.47088254764683635
0.36012909967742157
0.34519710204997245
0.5102083678343959
0.2926386413801301
0.254954585707373
0.37582677759155
0.36952130288205026
0.412192201178627
0.26735665641654116
0.40413573809837205
0.6865204336073178
0.4089207629723927
0.3445052992347297
0.36487528618205567
0.30862631373007743
0.3502281550258304
0.5504004605916493
0.19147930903765198
0.48126518185489253
0.7608104733822783
0.3729381683007132
0.47720948889607384
0.4466458116573041
0.22232719880564225
0.1782119496978438
0.22177128655053738
0.366783703858677
0.3221031370839968
0.4298574614412066
0.5363832002788615
0.5056150728687725
0.5586312757780301
0.5707877934441601
0.3500073271926392
0.845878870167519
0.3689870675727504
0.6302892003272643
0.27571959604872615
0.6731577259491361
0.6451865576298479
0.6164482032486606
0.5621213819363556
0.47557636072336845
0.4449356518317122
0.34190010809503024
0.2733747349804192
0.3750568636300335
0.43955679700505496
0.39692098754813254
0.34088756154251204
0.28986279964168643
0.26349148984389764
0.25362687226607017
0.334181998287726
0.19229484995785853
0.6712529874106882
0.2784778540077254
0.37339310435924133
0.20344656771177533
0.3495009663094111
0.4039658398692667
0.21125727305014233
0.6276671453934107
0.5983783689832293
0.568689765429451
0.21205246845507572
0.45670557680875395
0.4263054622050718
0.34267045565831716
0.19116565488335208
0.33555480717445907
0.1873352565945032
0.22121614281620267
0.5786245584859432
0.5484867601938778
0.5178713219171381
0.25699444158438234
0.20371827550166724
0.3388732611683744
0.39200206991748915
0.38217610611979225
0.2731770529123783
0.27332278143631417
0.19958046756166845
0.622425626654398
0.5921622119378532
0.5625580605954501
0.5366407536061367
0.5060132430861379
0.47524075814807504
0.2947249280435135
0.6419491085608026
0.45205834134301215
0.3760387031252021
0.3348541837439116
0.41102760680085004
0.363724003169187
0.34421516722465223
0.4489565061159087
0.3862848952056
0.2697053801231926
0.4213974889858322
0.27217028454187936
0.19622212973712497
0.665545292594105
0.5869478093451712
0.5564104047060794
0.2731687975243982
0.4408231286602518
0.41077870060935234
0.35001767886904367
0.227972814690169
0.4491071571167239
0.29153877991311444
0.25424390537876085
0.19900368801800986
0.5412313089905458
0.6966659161348752
0.6701265479826843
0.20117967037253168
0.5660698280269627
0.34044035531718486
0.26529197729475107
0.37748194408353797
0.45976285547743145
0.19713089610181475
0.31253742727495926
0.6368244743404536
0.4431477787502305
0.3986519874775359
0.37711351345472505
0.2604044538057282
0.24220435818277383
0.21898883515758216
0.263933594315517
0.3217591587554493
0.6501656414149038
0.5495128574460749
0.24925961823004744
0.20173771158035567
0.4037637799166489
0.37185395296263307
0.2496194815443929
0.43059902226637287
0.7842269351184082
0.7484682003136889
0.6096928607203705
0.33035846965464477
0.2804703841806278
0.3085997005563762
0.4287313332579266
0.22206517525593103
0.33915326998008843
0.37352578526914915
0.38991441597866655
0.257114057088425
0.2966543504299188
0.6426933751846353
0.25745175570687145
0.32359374445780137
0.3032580112417642
0.19954397676416685
0.2611559080684812
0.2550475091592244
0.20129603976118338
0.4973247478281453
0.27320534566098154
0.4025983210207793
0.16089860901431938
0.3866155577399791
0.38417962035300945
0.34014211618572515
0.6354679700709538
0.49084812182164717
0.42064306229232307
0.5343492061441624
0.5063948693681461
0.49078158584961756
