0.32676805145902643
0.2759656837585702
0.19862464266161106
0.2902925611655789
0.22573204182302364
0.3359064623284446
0.2759169928579804
0.13898139591269262
0.2437275494241733
0.306100946225915
0.5226275107531889
0.15824991120677384
0.3705411487747986
0.35935716074700613
0.2264545952482286
0.2002903747538915
0.22714849667680548
0.13275985409307364
0.606855466661859
0.5609017979057882
0.5434626261923466
0.4279618688874788
0.23229554530826838
0.24300395903615
0.2505912491911893
0.2290120628534475
0.15665164796454267
0.28463673234079
0.4511188084159318
0.6012890908657831
0.33758841290310937
0.3356545415952023
0.23940424650646583
0.33966317375333227
0.2990259715988409
0.21354388815579473
0.17305485280557856
0.4113290455818142
0.22032908370173854
0.22278065598190386
0.26528583956147933
0.21806787925337584
0.48982920848239064
0.4694018816583245
0.6390564746094012
0.21351782580419046
0.7887468535696345
0.26558538397790127
0.3427502576931892
0.37512826344290606
0.22918113997419653
0.18392297549983413
0.22139849672568623
0.6615543324693016
0.6326145393360494
0.6033502622587782
0.38933170862441785
0.25709114265035554
0.1689483600670716
0.447782706437377
0.4376581242423019
0.3075687103259056
0.2985010038377008
0.5013666731289447
0.3461817490776755
0.1893792121440818
0.4167383296483003
0.1931270658167166
0.23220131548134124
0.7227561294252067
0.6951273641125727
0.6513312793071486
0.6550247065009973
0.6132079430200721
0.5826167349965182
0.559070563092066
0.5216239093398815
0.4908519199926708
0.3369511722408648
0.3615973682839522
0.30235590206109375
0.28840165075591767
0.27395057581511706
0.2718495337141387
0.31640991301722077
0.23009838976823777
0.1376358900222933
0.3211348605837034
0.3621809570139547
0.21245280536796832
0.2419767927884453
0.18519418793937895
0.1711962550887019
0.24277175043401458
0.20485082604328556
0.1731261765087605
0.3540044927670741
0.48686046511216363
0.2794470434979246
0.22323767908076847
0.24568699989177373
0.28629054285690897
0.30683990039910175
0.24119391390326167
0.21458135701511288
0.3253014558943677
0.20784141494168554
0.16748875152667808
0.1958021803915604
0.33390533862191424
0.2852368929436579
0.2857510648732897
0.2432036317238113
0.20175522309432983
0.22599776564842491
0.24935367260145125
0.2958699652499116
0.23133797931395417
0.2704858898899814
0.2280244287349156
0.43449230343497214
0.1999038793227589
0.3201097724965059
0.3633864468754454
0.2768130793104629
0.29425500562104423
0.27462877796932733
0.29020115314661915
0.2450124818335088
0.2554675395221087
0.2149858768318558
0.317512847451968
0.3052319761348008
0.73125204416021
0.47867832326811793
0.2481234719231392
0.21117977728357606
0.3050375403799326
0.14363155999540045
0.24083658728071672
0.31185303834329486
0.16998150189990086
0.1762476124387297
0.2704974800486222
0.26502220387157077
0.18336137434030234
0.21161436626425753
0.29039078154189724
0.32460466071067595
0.2091706155444655
0.24799651618518434
0.1818877835440354
0.33452181047942176
0.40825040530828893
0.2504974435315648
0.23395917948684125
0.3250055094891418
0.2645080241090256
0.41328360976717143
0.25174881805032706
0.28763140693116057
0.1994309367952187
0.2608423818317417
0.2604994040531017
0.3805121396952742
0.22281759834285503
0.19546423691559242
0.36090637282230287
0.3922299930883845
0.4606490459915359
0.15281657175024424
0.24872010918413376
0.3499598254726305
0.19727259444061185
0.32605807410481114
0.2360487857745244
0.21816072905212813
0.36940673822029785
0.18751760160065623
0.2868067085776377
0.512843812166561
0.22525198379024564
0.21113153949357763
0.4127550338885992
0.21336568728844438
0.22686681282238533
0.3776063463644519
0.16388741976017052
0.4605276201210248
0.3021698040897513
0.2853216880437972
0.40189859065890426
0.20532320979719781
0.17679692373940642
0.2738188163899174
0.2752218769123282
0.1818459130337045
0.2188428716111839
0.16078716019850944
0.17866826853212095
0.4267355680683445
0.1900388615416653
0.29531491662613935
0.25586168286939914
0.2212178581013686
0.3658918457244146
0.6674241050868838
0.34644992285459053
0.4671846074918424
0.7486468724226584
0.17189635896214522
0.41553211509437826
0.17526492917940076
0.1556553611066304
0.27003361037709267
0.24652946470264409
0.22433517963938804
0.3773693321456556
0.18719612602982844
0.3085174706662066
0.26757188130002
0.17815983563018423
0.23888395134591286
0.45782424687297824
0.17238105454219604
0.21814622069906692
0.16956129632517317
0.1338943109923265
0.4022426070440637
0.3431868745820374
0.4419659607757238
0.1879738597869453
0.4221968009166418
0.18583123701012058
0.28396589941637224
0.21872756181667957
0.41488936417373345
0.21106158401538025
0.2336337469608612
0.4228321774725335
0.26146361095161896
0.2673275179995472
0.37914682352363543
0.27594542021046253
0.2468653228247544
0.18091816419212423
0.3572194528454376
0.3825582789742073
0.37299120717162415
0.2525046661975891
0.2660270048391377
0.1947007659107528
0.18760231026478727
0.45096585755592644
0.15269618353420214
0.4159325123161297
0.3799284066153773
0.20888882423124705
0.1803723584442751
0.16978561680544893
0.23153219886389317
0.2176394294068614
0.31021703199269396
0.3236927811734732
0.24375585997752852
0.2232219759739214
0.28728111250307914
0.3634425509483183
0.212701615968498
0.3338133848977284
0.2909051964811253
