0.44832697470932853
0.42986918043311145
0.38645184115727654
0.49363426072939504
0.35724893154859577
0.42836836897487096
0.4688506239687897
0.4370914121637629
0.2642376484425926
0.24084368145085636
0.6985405115451058
0.5248910496031983
0.29444889027125337
0.14836323794204725
0.6096846415942233
0.4027707874748986
0.44950783577470327
0.3175062836790245
0.32150094488570236
0.22959599401242553
0.6640700871393165
0.5266034282378521
0.5723241265837151
0.6730076072728616
0.6515496264956308
0.45912960778209394
0.3560391052789586
0.39011080732350656
0.6494364719647461
0.6187863624438793
0.2375797597656583
0.7802796436046827
0.2632870895149799
0.45140663788748614
0.5424105118280611
0.5377663404866343
0.5075600678249281
0.30250468927733537
0.8248479112776603
0.796917596299554
0.5220265497526041
0.29279305539055905
0.38154948384453263
0.32983957547017956
0.5450006490667452
0.3801477289493628
0.3053138408786457
0.41402326593229244
0.2730600445253931
0.42071307052478457
0.2673844820750186
0.2592235120977312
0.5799363881955647
0.30937593708693745
0.5604813362599563
0.5299909008145706
0.3011554122474715
0.21247707903349428
0.4737233641509075
0.5499314753625253
0.3402559174421513
0.32270701115731715
0.5440621514108482
0.5134384462100224
0.2909280725993548
0.2834338860113586
0.3506393174381058
0.3442273423918084
0.3833694328083609
0.28825299666155646
0.24871995310979192
0.214848918082303
0.194874443174327
0.4379868334961982
0.5013881853665647
0.47066821457162966
0.38430517087273075
0.33397723375629007
0.32395959875694924
0.5699476401438478
0.6878287397515882
0.6596259070182339
0.4228318472221509
0.3181608942084776
0.23096158794824295
0.5183243018280117
0.48759394555916674
0.2856286666829215
0.30125292332197084
0.24711144275143695
0.5110020670353975
0.5850137254176779
0.5526332005023354
0.5221212125947096
0.5088576478600797
0.6256206165512675
0.5858211448818051
0.7888346100498579
0.8611305372027676
0.7117816427383984
0.284733712997246
0.35002784216395805
0.37911726807837876
0.22090750577646862
0.24360382760659763
0.22915494752255536
0.2385439228027375
0.3671283170338167
0.5103609870404034
0.31487695512392394
0.28615738159208476
0.3871749239983458
0.33092571067346016
0.42112531797412434
0.32136389567096146
0.30336891834943824
0.21419685146627054
0.1962037510996486
0.1880799873809041
0.7491504154809615
0.2598879382323774
0.3290824513544283
0.2095419134475196
0.23001068934865496
0.3236778865749662
0.2633694920465271
0.2646044700952698
0.3236676223092098
0.24513679997801674
0.2720600737959762
0.2480798848102114
0.28440748799680776
0.2496039662511476
0.23316707200942538
0.6987870604151277
0.3419932924096275
0.7817785675311826
0.3646365986620697
0.22917837233862956
0.49812056778110303
0.7583377567458277
0.4033587145024463
0.4191656711475517
0.717361774439516
0.6675456918820045
0.22000726087909592
0.35577554746054113
0.24454875543077606
0.6782711308647607
0.7022075058369432
0.503343194246203
0.7168722081868432
0.6883523130945868
0.7330345957732715
0.4092674441537218
0.35705843093051026
0.6186524618124338
0.5752061652324882
0.7042277225972071
0.6650641272366987
0.28662547448781744
0.5449924998578686
0.5115953612789089
0.3191914710236018
0.5774023212012053
0.5361823191064419
0.7884329552445314
0.28861434166514843
0.5097896922729994
0.4670996874589074
0.2064190370413146
0.32175951646285894
0.2597967238673233
0.5908204496166751
0.5274910245388126
0.5333795475957783
0.37429015269986093
0.5065163755500156
0.40851229505549014
0.37855175236044813
0.24190135322652054
0.2942053482643718
0.5364631311709002
0.7594833229608137
0.24063332996506043
0.218104239013273
0.19766225648707897
0.2670629903581783
0.24266862238853723
0.22050566981098155
0.5314566091068684
0.49765014686990194
0.4661706788077354
0.3037527014161786
0.26800159497170234
0.25290886948732133
0.33003537179241815
0.2928222162061003
0.2768603783563513
0.2832774059393516
0.2495304692181116
0.22694359786349882
0.2755351301446544
0.24211776627370155
0.22621652380209126
0.5615855946622168
0.5276022086626874
0.4959305687148649
0.3366832005546112
0.3088735481707008
0.23191158318093502
0.7316609810535297
0.2949754713754753
0.6798117568009409
0.2434765102882259
0.22063598204821788
0.19997177955733172
0.4130606192643863
0.38370107661805336
0.18816203436457968
0.26875781513816777
0.23552829274936257
0.22171042567087978
0.2698969200941257
0.4116268164023209
0.29941071907728223
0.20102675847499654
0.4033842062619483
0.5295731853366384
0.4881351492526327
0.35598819822161704
0.2661768418668545
0.33571756264697233
0.4696137568726726
0.3904976352578971
0.2998450896014921
0.3395149116066934
0.6504979937140511
0.6203927565813909
0.6386033089915967
0.4441115282130808
0.3027556859105896
0.6275023307809557
0.5612238675727347
0.2973039160162899
0.49888562067939324
0.3056854333360345
0.5311007056886613
0.4247992454354459
0.633500539489049
0.6034188618412503
0.5685727531512295
0.4545986584561848
0.2648209637448133
0.20463153213742794
0.604823823333937
0.5729710034313057
0.5423002802402852
0.4977667167659948
0.7815603615945815
0.304611224482472
0.4490823023241155
0.6423694632540189
0.2745427043599547
0.3864853500465751
0.5229886830109552
0.47750049450542487
0.5325019869704531
0.3161941437921951
0.3437856887337457
0.538737932077482
0.5080289876350773
0.32188553698891176
0.6013294210022052
0.571580157138463
0.48491503983774437
0.8004493794458521
0.36882599159433316
0.270367865980538
0.35148476216085994
0.35883851250009463
0.45240065096939175
0.21225887490507425
0.5283164141914165
0.6218041047860189
0.19578081204003428
0.48345385487028325
0.2662325568001785
0.6961571484466752
0.44489086626052726
0.3598033990465884
0.6195145249421363
0.5890088392033629
0.5588347697202297
0.5221757439710822
0.49051932750227767
0.565555486471371
0.32548670260537244
0.25927025184177643
0.5643619546224317
0.7839800006054296
0.2023236963956165
0.444099738533876
0.6197456404462914
0.6515754357987406
0.27731655573858033
0.525511707693974
0.4777479089270271
0.3745721401037131
0.3453265851678711
0.4571628299472009
0.492959630656417
0.6246388210458532
0.2835418395022782
0.2904420377996225
0.2618089956469767
0.34287916235085836
0.21646363083958797
0.5971304951060062
0.6494826738930493
0.4280756309915114
0.23552077516262035
0.271837003725719
0.3530721866892075
0.3081694135805983
0.6184448875074795
0.39634570338853375
0.35147068063512216
0.46367392489238846
0.43887879123575685
0.39073158231885396
0.5434463990956793
0.5218841861940249
0.3072932492551117
0.5339655879927806
0.27815693917645334
0.31351444908545906
0.5240337419756074
0.5357526758455846
0.5361444245755922
0.6666137195859393
0.3329649827774368
0.30773568312590804
0.5219950628958483
0.2734678667904207
0.32612312586863557
0.521711592557166
0.7517241384713147
0.6966035102065894
0.5157921074440253
0.3286861380795262
0.301757219320596
0.581435660831842
0.3648777062096686
0.3362021001401095
0.5223613905992391
0.3437202505908769
0.31735873632506884
0.5291610662488841
0.4965928001792738
0.2586724032707177
0.35915682054841264
0.470441078556039
0.2064049884094119
0.7178741094664348
0.553903964972555
0.5198420722626964
0.38554916850404036
0.28940162662582297
0.3435451846344357
0.19421593857936337
0.22792327057474265
0.4198014003744804
0.4076637366253784
0.2569409064232736
0.32989376983771973
0.47521472800397396
0.338705931440001
0.35903518943744417
0.25765100533840235
0.23410719377592937
0.33873819502973096
0.431572839195477
0.4651823331991442
0.2390998793104027
