0.36944424274357623
0.31728160392149907
0.29193200194936225
0.2896663110653388
0.3479918263137232
0.23824550452063542
0.224895736084114
0.2255230843822496
0.23440745213295397
0.46956890071866275
0.34371018697813227
0.25241806847573944
0.31621594642651346
0.2759595250944337
0.189891446454416
0.21958900730663156
0.26111832906754745
0.2620303035770494
0.3798622731181013
0.33177207376633094
0.4272502009123346
0.8340159237620735
0.16848360725298286
0.27296001882325516
0.2275416460647476
0.2647865233337258
0.16399736508156343
0.3457112010496641
0.33644522917562325
0.4811655619610985
0.3793632756772592
0.21888284482759204
0.38722615015757733
0.3191616605708735
0.3547322149649097
0.23990796902195008
0.24980669544646522
0.42425432295230525
0.17486323462553355
0.4761459127370992
0.4124914040534003
0.31186275070734193
0.4442532082677333
0.33675931541550463
0.30357262384779266
0.45000738780044824
0.4252686752371821
0.41480718772289316
0.4820327800970938
0.3993556552560743
0.33710795608378014
0.3896987952515977
0.2688697830399451
0.31469655041172856
0.44111695536632445
0.4083239613305642
0.21423426621281294
0.19371504071451856
0.5737922021924524
0.3792852849964134
0.3175001520678072
0.3012636974158148
0.19493941331311102
0.25745293962148197
0.3736315646070047
0.37304557932792654
0.3915861084234557
0.35194881329389516
0.22526179283674372
0.32992803209153415
0.4181420510702846
0.3877486440921554
0.7518925448916941
0.3236539608863847
0.2595899765723885
0.26349908538452654
0.39162245000979945
0.2531488353154008
0.5501015984966285
0.22106237928343472
0.3918887577737376
0.31118599819728393
0.2929966531649647
0.36507383965129203
0.4015747430394787
0.3468327032084012
0.3632681982104989
0.6347340693439405
0.6004112465400742
0.34015963326479537
0.2618181150018256
0.15278325696305478
0.22564558450042219
0.19483811088783268
0.8099711888927572
0.37980057446362114
0.27453408013146485
0.5594452384317423
0.7609556709464066
0.663169539420458
0.27570210466805023
0.2381083280387476
0.1717158489220821
0.23387220438414627
0.2374732275441343
0.21811406114044624
0.4636921102326607
0.43645729286770446
0.4054742872385679
0.24955686249555864
0.6453063779406174
0.6311872754833702
0.28615547280106474
0.6531056903793104
0.6304809466648803
0.2830169608645204
0.29439021657935294
0.42542300472688516
0.40637958889365094
0.2959776150499869
0.19846252738540912
0.24046268161353299
0.2723465792689106
0.22277911142579737
0.264296424528971
0.293913897227186
0.2023318170996037
0.2414825538598733
0.44656177092594956
0.24366934519005506
0.30014424313433913
0.32714949207650446
0.24493049647828524
0.29096163249365065
0.2525197817717283
0.26139035608903816
0.2466131805794961
0.3546437798555728
0.21290354553577964
0.24681595153671326
0.3882586654086947
0.3786959679484607
0.29643822061977054
0.3055891225489267
0.4065652826493442
0.45663524407552575
0.3763353912682009
0.24919398192325368
0.2354354759334401
0.44134218942223297
0.3093706886015187
0.14972735830296566
0.4426311111982172
0.3550226181194838
0.4073194322043372
0.33428357056210023
0.3673487979120386
0.4191303597588511
0.4333588378801271
0.266708605895117
0.16809702622376735
0.48703482407608173
0.36349541440549166
0.3085429660464361
0.22196523048731012
0.21686831194436157
0.1922969257719237
0.36473071209754515
0.23467800780340223
0.2642795379316203
0.44741358742580783
0.39531838844738787
0.1780348009881554
0.36920617977901193
0.2963385451268984
0.2528336334097396
0.31399364518721334
0.5946743718264755
0.7777470336855703
0.3388733228045289
0.4626164466398055
0.2613999950198718
0.19263790815463636
0.4154807069625558
0.37624492909493484
0.41213010170766184
0.2807725351261405
0.2558190394129918
0.44016700551225413
0.6869698808937733
0.5719263895919474
0.37781128285796123
0.4311953473974958
0.5255909444358654
0.47853066262954413
0.4610208216100225
0.3761767034051718
0.4041919958167863
0.36297132933951143
0.26249721624753597
0.15542359475309966
0.24776810088856197
0.19790277520549193
0.1687215999360615
0.2208871958479113
0.2343512795298476
0.20205780194873282
0.21303020612919604
0.2778303706734024
0.25816036728061054
0.2992994830573206
0.35886721840167024
0.6233371057422779
0.23078100349412864
0.3533312183243601
0.2502799932042019
0.24651704736421323
0.5408558396455113
0.5432124312182334
0.65080475677227
0.23283127072970466
0.22912703946841165
0.16599494144002233
0.6958738138902099
0.5891888518404069
0.450061351891648
0.4056382385614154
0.36050782661741354
0.21326177659390122
0.22900224920291426
0.2165071713826981
0.24326540072854125
0.25232669468668545
0.34823851347756024
0.6356809507659081
0.6417293479147161
0.23496325203535617
0.7911786855722592
0.6515406589887499
0.22336946944895028
0.21612088792490772
0.20620241690940622
0.25804158727173565
0.36804072073898614
0.24333152259676843
0.2996137378924554
0.22162431064335147
0.2220675625235533
0.2252395295389003
0.35491946710395134
0.27266172139220307
0.23198592392110814
0.21886836608594193
0.21259935996835644
0.2074396637459661
0.3400128524122323
0.3054084988982792
0.3567576514514637
0.35951813551294726
0.35049222302965155
0.6300851310965916
0.27318716095804724
0.2883084631947042
0.2765990066489252
0.2768365618116091
0.2672512356511395
0.21753445719834616
0.3108339889609648
0.28476904654766205
0.19214958561051326
0.35705259171421605
0.2191754160605045
0.2971272882323451
0.34765478835201025
0.33345215699459513
0.316175437558233
0.3725725538531123
0.2575068502425869
0.443544755895932
0.37230420094560773
0.22531457765981133
0.27989164290724317
0.2048462646101784
0.19601511375837963
0.1677935378553696
0.3666502971248397
0.2494953873720735
0.2808029344326303
0.27700405067285083
0.36082474985431867
0.25805449204387626
0.27361811075105
0.501935803146505
0.45157087005200003
0.37685379117710815
0.3549860214338053
0.2598194774697853
0.31214851782743785
0.23219497214946377
0.19532593698716247
0.2854922673021647
0.35494707461088915
0.22627265541321848
0.4186062819244991
0.3547923693326608
0.3459981595651392
0.2664391927383536
0.244769596676259
0.23542503756700098
0.4065666429297205
0.3718706287302499
0.2096558787568767
0.29631585708460423
0.3850134607401808
0.19243126340479547
0.39485900742119995
0.34946972222847816
0.27368833048893426
0.29024520245402896
0.22532844197870544
0.22872684325563616
0.36568533109507295
0.31542112536166184
0.29489593334416475
0.3428303797322305
0.30001315940479945
0.29547412454848415
0.2550944672270759
0.17780857563159538
0.17122496972504844
0.3039103028355929
0.2897664609913943
0.267446805135127
0.3656232162130099
0.6809757412561341
0.1766509611886559
0.4101648516248307
0.21445039427402351
0.12677922675607559
0.2675242800356331
0.41283105348364657
0.16533907619037566
0.3689719823802209
0.3353337861723437
0.3266591173182408
0.260189632492291
0.2535211407666574
0.21321669802080448
0.2706999401078986
0.24576350968300806
0.1958884713850047
0.31047676600475566
0.23304927378582374
0.1984896874697262
0.2289460446863733
0.22796169814096875
0.17541789832908253
0.25027473103013453
0.25982073943917694
0.24472064217225195
0.23659967501311263
0.17328993946801008
0.23274827769851075
0.3144844588558022
0.18403735026242174
0.2249165176692623
0.25772021659450456
0.21231922642796283
0.1708666399063189
0.25501113346027954
0.6637614038811145
0.5549635830875874
0.20408035029809476
0.25710986825416776
0.17195114608774217
0.36439943875091946
0.2551270862175937
0.22153945268470426
0.30019783762317526
0.2742395052595547
0.18664737575440407
0.2535653620542419
0.3041404328937956
0.3026151556481594
0.44060184298064303
0.3312075238079321
0.36486452790904633
0.20063567540408997
0.17680419901898756
0.2086638664869856
0.22073250287059323
0.29033287873109387
0.1709365615633941
0.38468817553641865
0.29229348388441906
0.29395765073319247
0.343815126403663
0.2166930460377241
0.2739576937965367
0.2674105288236899
0.44986917315637925
0.4140620263467344
0.23026313147823005
0.361470759575579
0.17665175678190842
0.30278406154822113
0.2550285762268693
0.28844004540784035
0.33159234237663315
0.3367347692295353
0.26372727088872505
0.2239252681228071
0.20312051732989705
0.19953847284498327
0.2813780541765699
0.26832009218547065
0.25845899770163794
0.35553557696828153
0.2852590915929389
0.2020510804094119
0.18168608493201396
0.42539537609116085
0.32328139593700317
0.23466250850269393
0.5037302415219177
0.48544580204932875
0.19184813845655593
0.49048061270587345
0.4284832513699107
0.39359673054521177
0.36363793904045544
0.22917947837339786
0.19605046054369069
0.4979120232212979
0.19046105332041
0.21913590068931454
0.18672397156263285
0.507971149370982
0.2346989046942494
0.213253860708711
0.159852195167553
0.3797970319009024
0.251569239796021
0.3594703979639967
0.34320147515596305
0.32284814164031334
0.2461621895154531
0.23404744152001197
0.2445039140426047
0.3923436555010749
0.318595679530583
0.2739740373560506
0.2611116445421928
0.35913194928659997
0.4857960735733919
0.2341265512027172
0.27762569422589156
0.21227105959965822
0.24589709932848708
0.2932135269945544
0.2688883198094155
0.47192394325555703
0.2507958743918854
0.3383198257015223
0.5519767021748272
0.3719994203643861
0.26902692522938404
0.3512307811370323
0.5337465511699603
0.36108166133061087
0.26896209840336394
0.16240487588570837
0.33421905335654706
0.2602416318328623
0.20709948459366123
0.3964206615259476
0.33104823685007656
0.3369284359194085
0.2631547673859996
0.23950984615981985
0.2985705624781885
0.3027757998010601
0.3172987196914017
0.19711278706619345
0.4044525946801542
0.28999999428035894
0.34481299169727747
0.23565286427175708
0.20966953882317915
0.22360585217415105
0.38704032533884547
0.6337044648500249
0.17083916836646332
0.19824563718581056
0.5547539552932493
0.4113178994937068
0.21935773362178837
0.19108468009061833
0.3210527107302638
0.6479632958354509
0.4095487873587697
0.30781670500976954
0.26281864754379985
0.3515321606511136
0.26780412178804075
0.2440704977267441
0.27083019037182937
0.29292204155142065
0.38303597374434956
0.3935568691935253
0.3557556180760057
0.44132988784176785
0.3579698081386562
0.2976127166444623
0.35292867870685296
0.33036013458618246
0.2994231935879115
0.4645945577795785
0.33319512139573343
0.37068439795082464
0.3297115565918154
0.6439481552031601
0.36815914233235836
0.3753603128180519
0.4131563868060971
0.37546466612999957
0.3262936472216368
0.7488545581670493
0.2712092120597031
0.2195233818103465
0.14640083487825184
0.33017613083770814
0.3881951983812816
0.1876147557374219
0.4173841128536825
0.3794715788087951
0.3073445726157069
0.3013644588180726
0.4020325558962853
0.24716574537271077
0.17412949805493833
0.2091501555805818
0.41227535729862863
0.2314161457606494
0.19810967704674462
0.40676129399036814
0.49922275827163803
0.3580150436233028
0.30681245787839756
0.27207261155227247
0.28041801244960834
0.3071495279181077
0.19614104988756792
0.3032405148640467
0.2194343966502477
0.1896894781422191
0.19015712537358237
0.30399937629143564
0.35706662288916113
0.21945393470904764
0.29072760586163304
0.4434625106066133
0.327922579583797
0.3658637208020899
0.3584350590309559
0.3161762683261501
0.20018365370312569
0.3368593566588211
0.2655239449803975
0.2929091071108543
0.3635336989963931
0.38124769219747173
0.35262309279203563
