0.23902184954597447
0.17520653464567434
0.36326797454095555
0.6538692082203278
0.24736315591667998
0.6057154549208367
0.5940435322276598
0.6119344165065017
0.5235285691681871
0.5619331689680666
0.713158785006915
0.37895790573446875
0.4147855748786632
0.3844939022223162
0.7759400049169419
0.39505543574955065
0.43446810927128043
0.24368503737925942
0.3141375898674474
0.30185540392235993
0.23200741063463373
0.23700955920246475
0.440563458582329
0.6029400679719824
0.38457200905457695
0.30696874398073626
0.30412706267351225
0.25541912681196227
0.3778475970005432
0.21098449039456943
0.5270024469088112
0.5787713129713892
0.3668015122546207
0.25393611491583407
0.3023363521838271
0.5453554778973941
0.5730894532731571
0.541740467497257
0.35401719639803636
0.3339536040735666
0.22148634529273564
0.3294839364997353
0.31197152164946834
0.5659147761451425
0.4130111309531316
0.4313556102410103
0.5396857836725077
0.30747700796454613
0.3937374698356973
0.34279809473916845
0.2879791591792706
0.3966694796178964
0.3098372088812281
0.5999789952838636
0.389578883885062
0.37528552315102653
0.3704208997180981
0.5724597615521043
0.36130527047009153
0.5796572061588517
0.3595508728155784
0.4814565445706991
0.337080964446472
0.41994533311331605
0.5626982608396988
0.5308724258056003
0.40513066063339936
0.674601216487877
0.2674375327965972
0.5900887976363004
0.438982116058817
0.3133315799290578
0.23490310626511857
0.5019501237677829
0.48540528442019
0.4025323268923365
0.43852781107004546
0.28316945716016945
0.2589379994823581
0.4035241723707945
0.326464469793645
0.5277774979935494
0.5062164809164423
0.2230178395653286
0.3327061771433374
0.4270760492015202
0.442205680799662
0.2670788755315212
0.43928048270092357
0.41123423406909915
0.29653231730823676
0.4861641759204071
0.6503629344741386
0.6218161245007531
0.5163270074342281
0.486616143830589
0.45011644769828574
0.6636915467970925
0.34119575718394696
0.6610146880610234
0.5238714304873393
0.27726193198401144
0.3344122196231835
0.5418592809911593
0.37422809323672235
0.24651989061694712
0.3035468003517529
0.42230225318194425
0.2504604937364067
0.28564308517901005
0.34334480519678146
0.24589085183294138
0.4015134308450373
0.3328689092001218
0.3059944217814671
0.7360116314022302
0.27170085367757296
0.1513245173862437
0.2450530841438453
0.22365723028077983
0.25997968342384675
0.43023098107836155
0.5253609212394177
0.6296303846499741
0.34502488435940704
0.31455384631537636
0.36173412616917916
0.544106308715223
0.5247811869103481
0.22067596197296424
0.356725550545287
0.5140712136191822
0.26602127964740085
0.32623341386049953
0.24916518093086706
0.4546977175136788
0.39739116435999183
0.30909748389520386
0.626706761795892
0.24551767813409348
0.5992523627995479
0.20200316591252765
0.7507437194190462
0.7216871723312754
0.4882179838259064
0.3918655455314734
0.46475178547121576
0.3654290640658531
0.27191862045437787
0.4486030551531849
0.3482345409783137
0.7737823022001679
0.4127604097466481
0.3128572293545333
0.3671572548348871
0.4403232932615951
0.47965125073595993
0.4481316673585633
0.4214685138007677
0.28164794951290834
0.27398655014085616
0.4002017459687721
0.23004155559839315
0.4545453749245883
0.6240138637986808
0.3303591385938953
0.26752981014156635
0.35958648554077344
0.29147064155377245
0.3746671143636305
0.32070305029374463
0.24309834802623084
0.4411075356272877
0.34736186531356045
0.5599817596534157
0.5225025222388837
0.18423773041120073
0.22710796867552616
0.20547327804315926
0.34291885051037346
0.2836874678560271
0.5234732601633315
0.3583823375915276
0.31164247388859384
0.6310791400649609
0.36022743848094385
0.42034866928029785
0.6250460319510605
0.4168515290500767
0.3690465954317042
0.7290537590343694
0.6028072938789777
0.31285703943198556
0.5543450667064134
0.26625479290517695
0.2702651045625416
0.44057270349374267
0.33024436175045413
0.7944511248990432
0.7709946066561918
0.30063927100741916
0.616495894430545
0.6305027608146917
0.23792047817430143
0.5880076394929215
0.5476955580105286
0.3167072283336144
0.31429747317305173
0.35530404842471547
0.2419606513682077
0.2836022445070609
0.32863887957373117
0.350323171814192
0.3152296883939809
0.27088955691274347
0.3463637856648709
0.3273328302066483
0.19656758123165574
0.3528814008785354
0.3359212020132065
0.2553577672818348
0.44247989961932144
0.42166314440881
0.32337512670739793
0.3402223855578562
0.699103868640939
0.6619834279232624
0.36716932016784676
0.29927911749338304
0.21409584727277584
0.5719065433375983
0.40457361201573033
0.5131757503672951
0.6438488320854759
0.6551519834931787
0.2959732164028793
0.43066276012826277
0.19503843552301497
0.3179884928560886
0.5226172318091868
0.31217635762893725
0.3755344579328604
0.21257905105677077
0.31379990147586334
0.42858504593812013
0.372315676424672
0.6078616303700765
0.19846676723866882
0.4311763662468353
0.3482417288661881
0.26701581726168905
0.38447510941708385
0.40995880826327347
0.3027078973798464
0.3519456566849449
0.2784760912250802
0.2197846874223353
0.4430422716206783
0.4894400826785688
0.3889554432368905
0.3219761099645577
0.3880281645973341
0.18161641081024918
0.35120360633758807
0.2141195665809083
0.6665424676790549
0.297089229059974
0.21269671481678232
0.35671983495403925
0.4291746316638863
0.3024742717317484
0.2992851748505187
0.3179242424739515
0.31583679553831956
0.7329125973459487
0.30910239407395507
0.32137926939750416
0.4318878961652518
0.3639384375603534
0.41345063370340246
0.6186103250644075
0.38312297050028693
0.40942174556464883
0.31315845972494244
0.30349106200081116
0.24411245045453872
0.3380916967841027
0.2809489603621784
0.26919912487977216
0.23780099603226762
0.2910503902240905
0.6612271874027623
0.6264737204182685
0.22827154627487994
0.643212795045092
0.203502256987037
0.48952407092983535
0.20166045538754282
0.2909747109717595
0.3974340540043446
0.5372562067417557
0.322769838247423
0.21131117002671396
0.2811600050246748
0.2210025790114227
0.5216436892946781
0.4909817187951264
0.46036048005386393
0.32598780181825654
0.5877501369673571
0.5573087283557178
0.2955051963101093
0.30582856231739747
0.27238835416561247
0.37277417357715503
0.41864414105098247
0.14001747259145805
0.2803265481188292
0.653394238083056
0.6310443877795698
0.6034155993909988
0.6232378796671216
0.38982873031004317
0.48045925200715567
0.4282903678905094
0.3310080196558614
0.23745621667983105
0.5714402910510427
0.5279275915064106
0.5127581749973036
0.311543001151357
0.32428491596318965
0.30808795977723297
0.3295815827523984
0.4461369718430931
0.31145513375275763
0.4238605648616858
0.21921993032214074
0.3543754990477006
0.34217328540771036
0.3908653936031817
0.3295729902907089
0.5698698631267619
0.35323900909903
0.29705684677069794
0.2383071061292985
0.32119656102023775
0.364544732456793
0.22197961428667892
0.15934115087243156
0.18487516627256387
0.3182359752897934
0.19594294275670218
0.28205139509842997
0.5465718763776459
0.49744019298697306
0.6531053600655192
0.39925777518012123
0.3729886207888702
0.36581434766324783
0.3728307131782226
0.5863543818266841
0.469831369923676
0.1972709546991249
0.4234146094087358
0.19263902300903454
0.24131571734568827
0.35948923906634545
0.5179698051707088
0.3047226941574899
0.22867307468448705
0.3515646623879101
0.23858369069827318
0.35651581484946737
0.31735135299377887
0.2869337745810255
0.7072332354241205
0.4783126697892625
0.4478128964208336
0.583442904531616
0.4613773836560643
0.3923784206479501
0.44052936964973766
0.18645491363587216
0.20789872463723488
0.3624061019672693
0.49004279879902074
0.25954453502167146
0.526722110951864
0.49607064752042046
0.45050372099222763
0.6679138559921295
0.638442994880785
0.5945062960461909
0.3398409140028272
0.1597702617356122
0.37903204087940695
0.5063511476487739
0.2352697669807131
0.2980538570868553
0.7000682365458665
0.6708128779606265
0.6435911237576484
0.526821710170045
0.49623169536300954
0.448104418543754
0.6134106365545999
0.5965271936558463
0.5649872007768987
0.5985196563590238
0.5833800793586679
0.5446492640448521
0.4902345179894097
0.8083855255263257
0.39604152958039535
0.34716866108265265
0.47781499112834475
0.5628413386301833
0.5215440231164713
0.502494168407929
0.2379279369348485
0.42585992299969905
0.27952602073511035
0.33897770295866625
0.22506253372615534
0.44769874700097884
0.5278073175225548
0.49910229779296933
0.46671650063666553
0.38302894314000996
0.517439079185531
0.4918887992786107
0.2847692597289761
0.23161619032190386
0.45264049027140724
0.39225288359214383
0.29172548760847966
0.5545311154375723
0.49798454963037264
0.49546057434057816
0.39840305871897147
0.296941188746433
0.5718812281781386
0.48412002820831973
0.5008657095577401
0.3170047226868403
0.2154551263145867
0.474654809077358
0.2979607478426014
0.22028990124556944
0.442055856820903
0.5978117283135933
0.25186118340500696
0.41029871704513665
0.2945485696337384
0.33565143115690954
0.3059447128718669
0.4086277351093921
0.2193369217402725
0.5786523812712554
0.5304785045661669
0.508828699879105
0.22062325440064204
0.25809096718266544
0.2852335138750489
0.42751469603095543
0.40430494848758886
0.3564313359046557
0.6515354872448604
0.6228452899015168
0.5783316327562947
0.5481291975892983
0.5175586598741595
0.6342775074719855
0.5958364483281219
0.5559107215813527
0.7383279133761562
0.7114053289206733
0.6853855741347686
0.6552830735849734
0.6178405869288136
0.5780084852944947
0.6910116406056535
0.6628338102222137
0.18454198112470468
0.6393943943875132
0.6018819648476592
0.5721400554345293
0.3369925416644492
0.4630096044807606
0.31980314780553687
0.5499357298729882
0.5084844025181429
0.45879110673964324
0.6941103033841352
0.6674552283226294
0.6394623607430115
0.5720642680605426
0.41544806297056536
0.5029977398381981
0.23647155685993826
0.4538795289372529
0.1751289649403751
0.4511033502726044
0.6077648400276968
0.5779088854942485
0.580213751859227
0.5027431156340304
0.43662869100210894
0.5413257389182418
0.5070180578896238
0.47633648162737385
0.6929217553508719
0.6660006089273603
0.29414736558391674
0.37419648592941396
0.5169210695235269
0.21552134756899768
0.47377532380534576
0.24509657441637522
0.3977169079232419
0.585444363476009
0.5716322741158947
0.5413376550615792
0.6847690880771934
0.6451059727066135
0.616404477547128
0.4431375877172568
0.5258067261544936
0.4923128452603661
0.6265248081546801
0.5941527630730729
0.2769281171194613
0.6590243846613978
0.6235148628542448
0.6017969441357264
0.20787069037820488
0.18792482757831272
0.208024322212799
0.6351058557029676
0.6047766146525372
0.3674591473436467
0.5690359198414011
0.5380126116120688
0.4981174629867699
0.6285742282830007
0.5890666813699864
0.5484424327814015
0.5927001929257403
0.5678055269326663
0.5236276587846893
0.2718336402746399
0.29860065628178994
0.2749812270535279
0.5855500305538464
0.536621927353564
0.505946570511914
0.6206974493803176
0.6618334313655007
0.6340980892422883
0.34328078752714336
0.4804123149482533
0.4986068947131773
0.25772308083947326
0.2346611279381033
0.21694708118415965
0.3274155875861337
0.5251206854881356
0.4865225327458704
0.5712616360493687
0.536786733196532
0.466756736171364
0.6403517251895189
0.5655290057391353
0.5351224419213408
0.5392469061937528
0.507802329921004
0.28982160158845804
0.5278214927049594
0.5925072980533641
0.5650275821244403
0.466179837186982
0.5461455674803618
0.5800031997843115
0.33914799037760246
0.3852244034469424
0.27350173189999716
0.24922167777897944
0.24065292829202958
0.3504393887690767
0.4565879025518794
0.46023375089030033
0.3535773670876841
0.21498443598514555
0.29846912011358295
0.25988576760314347
0.2074836936034493
0.2001009625577651
0.3125683298438136
0.24169888803778972
0.19242146698288537
