0.6164449901076371
0.5262537017398737
0.35819122103524115
0.25815331652214696
0.2537092243286342
0.26550638824039136
0.285873755262611
0.35670542003039274
0.3010524332302682
0.2798018335400161
0.4810476494915392
0.22596590302019645
0.5232673286582744
0.3908194768540501
0.40638978094890765
0.6355137879292894
0.6056583677077496
0.5759493065926895
0.5650252118814628
0.5843908625524605
0.4399303226375601
0.3390598351897289
0.42620452329165603
0.5314453497630928
0.35348199860140755
0.3216814729602999
0.29529890736047926
0.4925531892679138
0.4202437496997766
0.3353137564296344
0.423311782817508
0.48139944346355473
0.549786544261761
0.4868882318934762
0.6686772368703028
0.3826244991217633
0.23376447687463353
0.35703264102564486
0.6552960923943256
0.5150463329600456
0.6587123680947967
0.6282074034849158
0.5308816452118164
0.26447720055480806
0.44122839463856156
0.7733125922509507
0.5906037140848769
0.3099914627572784
0.3564761017244482
0.4220524828894444
0.35849142717905913
0.7370717826916132
0.2789481236367409
0.4581356970239548
0.4353189458905654
0.4053508742125715
0.8502398139323906
0.7495574733398949
0.5250840353139793
0.4081255762352895
0.4943960079354244
0.6877573858774352
0.37427486264471205
0.44068240514057916
0.3141952157534071
0.4593067022610494
0.42231049853083846
0.543021924971034
0.6457318871266555
0.3738614377340101
0.5002051376204485
0.48693006583340315
0.7279298795937404
0.40062752877365715
0.7312125754283634
0.7033026958211325
0.6750279869053862
0.7049434925666013
0.6701002047410607
0.6426082307932424
0.782773093019549
0.7582010716427755
0.7216775718030548
0.6515528573847655
0.6100211831901458
0.5803740960843415
0.6392473189147048
0.610487205687951
0.5807787779706827
0.6578544590468222
0.6297193396696225
0.6005545098446335
0.829700109657526
0.8113311671851822
0.7918657125498839
0.8524447603538123
0.8413664362320559
0.8168658919158912
0.7504667308872609
0.7267827861990714
0.7015895906506362
0.733277519559362
0.6972001251013394
0.6705676076460028
0.5672216030636292
0.5276019931170568
0.4196562378938426
0.6370410937958468
0.6082180782485678
0.7773282674753427
0.7585065542943594
0.7374248920639407
0.8189919250516791
0.5166009543737332
0.3180325764792678
0.7824595427162186
0.5217345349481488
0.4421513561804204
